 0.434841E+01 0.326741E+01
 0.434755E+01 0.326857E+01
 0.434666E+01 0.327003E+01
 0.434576E+01 0.327191E+01
 0.434483E+01 0.327424E+01
 0.434389E+01 0.327716E+01
 0.434291E+01 0.328077E+01
 0.434190E+01 0.328526E+01
 0.434085E+01 0.329081E+01
 0.433972E+01 0.329769E+01
 0.433848E+01 0.330624E+01
 0.433707E+01 0.331689E+01
 0.433554E+01 0.332889E+01
 0.433394E+01 0.334137E+01
 0.433223E+01 0.335438E+01
 0.433036E+01 0.336793E+01
 0.432827E+01 0.338198E+01
 0.432589E+01 0.339685E+01
 0.432315E+01 0.341246E+01
 0.431994E+01 0.342891E+01
 0.431617E+01 0.344623E+01
 0.431166E+01 0.346454E+01
 0.430622E+01 0.348399E+01
 0.429954E+01 0.350472E+01
 0.429118E+01 0.352693E+01
 0.428047E+01 0.355113E+01
 0.426662E+01 0.357752E+01
 0.425874E+01 0.359143E+01
 0.424909E+01 0.360994E+01
 0.424610E+01 0.362332E+01
 0.425013E+01 0.363413E+01
 0.425445E+01 0.363941E+01
 0.425941E+01 0.364429E+01
 0.427241E+01 0.365434E+01
 0.428011E+01 0.366365E+01
 0.428751E+01 0.367458E+01
 0.429271E+01 0.368493E+01
 0.429340E+01 0.368630E+01
 0.429381E+01 0.368716E+01
 0.429428E+01 0.368814E+01
 0.429453E+01 0.368866E+01
 0.429480E+01 0.368915E+01
 0.429500E+01 0.368944E+01
 0.429509E+01 0.368951E+01
 0.429509E+01 0.368926E+01
 0.429508E+01 0.368918E+01
 0.429505E+01 0.368904E+01
 0.429501E+01 0.368883E+01
 0.429500E+01 0.368875E+01
 0.429499E+01 0.368870E+01
 0.429498E+01 0.368867E+01
 0.429497E+01 0.368864E+01
 0.429496E+01 0.368859E+01
 0.429495E+01 0.368854E+01
 0.429493E+01 0.368847E+01
 0.429491E+01 0.368838E+01
 0.429488E+01 0.368826E+01
 0.429484E+01 0.368811E+01
 0.429479E+01 0.368792E+01
 0.429472E+01 0.368767E+01
 0.429463E+01 0.368733E+01
 0.429450E+01 0.368688E+01
 0.429432E+01 0.368627E+01
 0.429408E+01 0.368545E+01
 0.429374E+01 0.368434E+01
 0.429326E+01 0.368283E+01
 0.429260E+01 0.368076E+01
 0.429169E+01 0.367803E+01
 0.429045E+01 0.367450E+01
 0.428881E+01 0.367013E+01
 0.428662E+01 0.366485E+01
 0.428379E+01 0.365902E+01
 0.428026E+01 0.365344E+01
 0.427592E+01 0.364909E+01
 0.427076E+01 0.364730E+01
 0.426485E+01 0.364922E+01
 0.425815E+01 0.365521E+01
 0.425047E+01 0.366379E+01
 0.424163E+01 0.367377E+01
 0.423134E+01 0.368384E+01
 0.421920E+01 0.369290E+01
 0.420458E+01 0.370019E+01
 0.418651E+01 0.370494E+01
 0.416322E+01 0.370565E+01
 0.414681E+01 0.370652E+01
 0.412622E+01 0.370504E+01
 0.409915E+01 0.369778E+01
 0.407916E+01 0.369274E+01
 0.406526E+01 0.368978E+01
 0.404814E+01 0.368529E+01
 0.402670E+01 0.367766E+01
 0.399915E+01 0.366418E+01
 0.397869E+01 0.365435E+01
 0.396429E+01 0.364777E+01
 0.395456E+01 0.364358E+01
 0.394825E+01 0.364099E+01
 0.394058E+01 0.363771E+01
 0.393133E+01 0.363374E+01
 0.392007E+01 0.362868E+01
 0.390638E+01 0.362222E+01
 0.388961E+01 0.361372E+01
 0.386896E+01 0.360219E+01
 0.384315E+01 0.358610E+01
 0.381047E+01 0.356344E+01
 0.379619E+01 0.355340E+01
 0.379176E+01 0.355022E+01
 0.376915E+01 0.353363E+01
 0.375285E+01 0.352112E+01
 0.373315E+01 0.350516E+01
 0.371078E+01 0.348361E+01
 0.369768E+01 0.346658E+01
 0.368560E+01 0.344437E+01
 0.367985E+01 0.342998E+01
 0.367494E+01 0.341448E+01
 0.367007E+01 0.339721E+01
 0.366709E+01 0.338811E+01
 0.366384E+01 0.337786E+01
 0.366045E+01 0.336956E+01
 0.365804E+01 0.336797E+01
 0.365532E+01 0.336754E+01
 0.365217E+01 0.337094E+01
 0.364866E+01 0.338114E+01
 0.364391E+01 0.339899E+01
 0.363909E+01 0.343144E+01
 0.363522E+01 0.346177E+01
 0.363090E+01 0.350145E+01
 0.362789E+01 0.353312E+01
 0.362413E+01 0.356925E+01
 0.362030E+01 0.360945E+01
 0.361654E+01 0.365100E+01
 0.361317E+01 0.369061E+01
 0.361009E+01 0.372396E+01
 0.360776E+01 0.375027E+01
 0.360601E+01 0.376986E+01
 0.360464E+01 0.378528E+01
 0.360378E+01 0.379390E+01
 0.360303E+01 0.380254E+01
 0.360237E+01 0.381164E+01
 0.360154E+01 0.382143E+01
 0.360059E+01 0.383261E+01
 0.359962E+01 0.384418E+01
 0.359874E+01 0.385493E+01
 0.359813E+01 0.386324E+01
 0.359767E+01 0.386915E+01
 0.359738E+01 0.387289E+01
 0.359717E+01 0.387555E+01
 0.359701E+01 0.387741E+01
 0.359693E+01 0.387859E+01
 0.359684E+01 0.387964E+01
 0.359676E+01 0.388067E+01
 0.359670E+01 0.388143E+01
 0.359665E+01 0.388201E+01
 0.359661E+01 0.388253E+01
 0.359657E+01 0.388303E+01
 0.359653E+01 0.388345E+01
 0.359651E+01 0.388379E+01
 0.359649E+01 0.388404E+01
 0.359647E+01 0.388423E+01
 0.359646E+01 0.388444E+01
 0.359645E+01 0.388454E+01
 0.359644E+01 0.388475E+01
 0.359642E+01 0.388495E+01
 0.359640E+01 0.388518E+01
 0.359638E+01 0.388547E+01
 0.359636E+01 0.388575E+01
 0.359633E+01 0.388607E+01
 0.359631E+01 0.388638E+01
 0.359589E+01 0.388645E+01
 0.359586E+01 0.388684E+01
 0.359584E+01 0.388715E+01
 0.359583E+01 0.388731E+01
 0.359582E+01 0.388749E+01
 0.359583E+01 0.388739E+01
 0.359585E+01 0.388727E+01
 0.359589E+01 0.388689E+01
 0.359635E+01 0.388648E+01
 0.359644E+01 0.388563E+01
 0.359654E+01 0.388469E+01
 0.359666E+01 0.388353E+01
 0.359679E+01 0.388230E+01
 0.359694E+01 0.388088E+01
 0.359709E+01 0.387940E+01
 0.359727E+01 0.387777E+01
 0.359746E+01 0.387597E+01
 0.359768E+01 0.387392E+01
 0.359792E+01 0.387167E+01
 0.359819E+01 0.386918E+01
 0.359844E+01 0.386635E+01
 0.359879E+01 0.386314E+01
 0.359899E+01 0.386130E+01
 0.359925E+01 0.385913E+01
 0.359951E+01 0.385655E+01
 0.359985E+01 0.385323E+01
 0.360026E+01 0.384912E+01
 0.360058E+01 0.384605E+01
 0.360092E+01 0.384265E+01
 0.360129E+01 0.383891E+01
 0.360177E+01 0.383411E+01
 0.360232E+01 0.382822E+01
 0.360293E+01 0.382067E+01
 0.360353E+01 0.381449E+01
 0.360425E+01 0.380825E+01
 0.360497E+01 0.380104E+01
 0.360581E+01 0.379255E+01
 0.360688E+01 0.378200E+01
 0.360759E+01 0.377503E+01
 0.360862E+01 0.376517E+01
 0.360997E+01 0.375262E+01
 0.361149E+01 0.373921E+01
 0.361346E+01 0.372400E+01
 0.361544E+01 0.370882E+01
 0.361783E+01 0.369523E+01
 0.362046E+01 0.368571E+01
 0.362264E+01 0.368268E+01
 0.362571E+01 0.368445E+01
 0.362701E+01 0.368743E+01
 0.363029E+01 0.369596E+01
 0.363245E+01 0.370499E+01
 0.363427E+01 0.371199E+01
 0.363537E+01 0.371659E+01
 0.363610E+01 0.372091E+01
 0.363735E+01 0.372500E+01
 0.364014E+01 0.373270E+01
 0.364150E+01 0.373847E+01
 0.364391E+01 0.374504E+01
 0.364533E+01 0.374876E+01
 0.364821E+01 0.375383E+01
 0.365190E+01 0.376038E+01
 0.366253E+01 0.377168E+01
 0.368644E+01 0.378268E+01
 0.371098E+01 0.379004E+01
 0.373206E+01 0.379421E+01
 0.374841E+01 0.379724E+01
 0.376138E+01 0.380016E+01
 0.377365E+01 0.380327E+01
 0.378423E+01 0.380603E+01
 0.379583E+01 0.380961E+01
 0.380624E+01 0.381242E+01
 0.380820E+01 0.381340E+01
 0.381068E+01 0.381439E+01
 0.381502E+01 0.381644E+01
 0.381923E+01 0.381754E+01
 0.382533E+01 0.381999E+01
 0.383103E+01 0.382175E+01
 0.383827E+01 0.382451E+01
 0.384505E+01 0.382691E+01
 0.385320E+01 0.383010E+01
 0.385963E+01 0.383270E+01
 0.386752E+01 0.383632E+01
 0.387504E+01 0.383999E+01
 0.388282E+01 0.384417E+01
 0.388954E+01 0.384706E+01
 0.389544E+01 0.385063E+01
 0.390441E+01 0.385570E+01
 0.390834E+01 0.385971E+01
 0.390471E+01 0.386280E+01
 0.389219E+01 0.386161E+01
 0.387635E+01 0.385991E+01
 0.386269E+01 0.385674E+01
 0.383065E+01 0.384963E+01
 0.379899E+01 0.384114E+01
 0.377040E+01 0.383225E+01
 0.374660E+01 0.382399E+01
 0.371002E+01 0.380801E+01
 0.372642E+01 0.381897E+01
 0.367821E+01 0.379887E+01
 0.365289E+01 0.374682E+01
 0.365029E+01 0.373918E+01
 0.364687E+01 0.373018E+01
 0.364497E+01 0.372406E+01
 0.364298E+01 0.371398E+01
 0.364096E+01 0.370683E+01
 0.363848E+01 0.369395E+01
 0.363600E+01 0.368343E+01
 0.363336E+01 0.367190E+01
 0.363045E+01 0.366196E+01
 0.362725E+01 0.365938E+01
