  0.0000000000D+00 1.94924D+03 1.55461D+04 3.08367D+00 4.98480D+02 7.000D-01
  5.6521454184D-12 3.36676D+03 1.73355D+04 3.08246D+00 4.98480D+02 7.000D-01
  1.4747869592D-11 5.64869D+03 1.94576D+04 3.08117D+00 4.98480D+02 7.000D-01
  2.9426461268D-11 9.33546D+03 2.19056D+04 3.07977D+00 4.98480D+02 7.000D-01
  5.3497206665D-11 1.53922D+04 2.46560D+04 3.07819D+00 4.98480D+02 7.000D-01
  9.2774454785D-11 2.52955D+04 2.77497D+04 3.07643D+00 4.98480D+02 7.000D-01
  1.5502565898D-10 4.10203D+04 3.13063D+04 3.07451D+00 4.98480D+02 7.000D-01
  2.4935020715D-10 6.48857D+04 3.55051D+04 3.07244D+00 4.98480D+02 7.000D-01
  3.8876202257D-10 1.00227D+05 4.04616D+04 3.07020D+00 4.98480D+02 7.000D-01
  6.0031946081D-10 1.54016D+05 4.60941D+04 3.06762D+00 4.98480D+02 7.000D-01
  9.3955410119D-10 2.40639D+05 5.21759D+04 3.06451D+00 4.98480D+02 7.000D-01
  1.5039739454D-09 3.85545D+05 5.85418D+04 3.06080D+00 4.98480D+02 7.000D-01
  2.4396837883D-09 6.27175D+05 6.52773D+04 3.05654D+00 4.98480D+02 7.000D-01
  3.9641693261D-09 1.02322D+06 7.25763D+04 3.05179D+00 4.98480D+02 7.000D-01
  6.3979048726D-09 1.65945D+06 8.06483D+04 3.04662D+00 4.98480D+02 7.000D-01
  1.0232042880D-08 2.66855D+06 8.96217D+04 3.04101D+00 4.98480D+02 7.000D-01
  1.6223796195D-08 4.25717D+06 9.95671D+04 3.03493D+00 4.98480D+02 7.000D-01
  2.5521790459D-08 6.74239D+06 1.10545D+05 3.02833D+00 4.98480D+02 7.000D-01
  3.9840834409D-08 1.06036D+07 1.22627D+05 3.02117D+00 4.98480D+02 7.000D-01
  6.1696751041D-08 1.65540D+07 1.35904D+05 3.01341D+00 4.98480D+02 7.000D-01
  9.4736438694D-08 2.56437D+07 1.50475D+05 3.00502D+00 4.98480D+02 7.000D-01
  1.4421103744D-07 3.94097D+07 1.66437D+05 2.99597D+00 4.98480D+02 7.000D-01
  2.1767299052D-07 6.01025D+07 1.83860D+05 2.98623D+00 4.98480D+02 7.000D-01
  3.2601592648D-07 9.10298D+07 2.02775D+05 2.97573D+00 4.98480D+02 7.000D-01
  4.8503664707D-07 1.37085D+08 2.23153D+05 2.96442D+00 4.98480D+02 7.000D-01
  7.1769011856D-07 2.05531D+08 2.44917D+05 2.95224D+00 4.98480D+02 7.000D-01
  1.0567392016D-06 3.06988D+08 2.68006D+05 2.93915D+00 4.98480D+02 7.000D-01
  1.5480555500D-06 4.56726D+08 2.92421D+05 2.92514D+00 4.98480D+02 7.000D-01
  2.2548014955D-06 6.76387D+08 3.18224D+05 2.91024D+00 4.98480D+02 7.000D-01
  3.2628353054D-06 9.96310D+08 3.45527D+05 2.89446D+00 4.98480D+02 7.000D-01
  4.6871406409D-06 1.45849D+09 3.74477D+05 2.87784D+00 4.98480D+02 7.000D-01
  6.6792167617D-06 2.12022D+09 4.05262D+05 2.86042D+00 4.98480D+02 7.000D-01
  9.4356788084D-06 3.05875D+09 4.38097D+05 2.84223D+00 4.98480D+02 7.000D-01
  1.3208614565D-05 4.37705D+09 4.73207D+05 2.82328D+00 4.98480D+02 7.000D-01
  1.8319308216D-05 6.21188D+09 5.10791D+05 2.80359D+00 4.98480D+02 7.000D-01
  2.5178631214D-05 8.74539D+09 5.50970D+05 2.78316D+00 4.98480D+02 7.000D-01
  3.4312127505D-05 1.22206D+10 5.93788D+05 2.76195D+00 4.98480D+02 7.000D-01
  4.6394415738D-05 1.69631D+10 6.39201D+05 2.73992D+00 4.98480D+02 7.000D-01
  6.2286390051D-05 2.34076D+10 6.87129D+05 2.71706D+00 4.98480D+02 7.000D-01
  8.3074369657D-05 3.21303D+10 7.37521D+05 2.69333D+00 4.98480D+02 7.000D-01
  1.1011048283D-04 4.38874D+10 7.90404D+05 2.66873D+00 4.98480D+02 7.000D-01
  1.4505164619D-04 5.96601D+10 8.45916D+05 2.64330D+00 4.98480D+02 7.000D-01
  1.8989356264D-04 8.07056D+10 9.04328D+05 2.61707D+00 4.98480D+02 7.000D-01
  2.4699604178D-04 1.08612D+11 9.66050D+05 2.59009D+00 4.98480D+02 7.000D-01
  3.1909801779D-04 1.45361D+11 1.03162D+06 2.56242D+00 4.98480D+02 7.000D-01
  4.0934111387D-04 1.93400D+11 1.10163D+06 2.53411D+00 4.98480D+02 7.000D-01
  5.2139313930D-04 2.55790D+11 1.17655D+06 2.50517D+00 4.98480D+02 7.000D-01
  6.5959799737D-04 3.36401D+11 1.25666D+06 2.47559D+00 4.98480D+02 7.000D-01
  8.2912389285D-04 4.40150D+11 1.34204D+06 2.44533D+00 4.98480D+02 7.000D-01
  1.0361292292D-03 5.73305D+11 1.43266D+06 2.41435D+00 4.98480D+02 7.000D-01
  1.2879423997D-03 7.43868D+11 1.52843D+06 2.38260D+00 4.98480D+02 7.000D-01
  1.5932529996D-03 9.62061D+11 1.62921D+06 2.35004D+00 4.98480D+02 7.000D-01
  1.9623132651D-03 1.24093D+12 1.73493D+06 2.31666D+00 4.98480D+02 7.000D-01
  2.4071491618D-03 1.59709D+12 1.84554D+06 2.28244D+00 4.98480D+02 7.000D-01
  2.9417811738D-03 2.05169D+12 1.96112D+06 2.24739D+00 4.98480D+02 7.000D-01
  3.5824569540D-03 2.63159D+12 2.08183D+06 2.21153D+00 4.98480D+02 7.000D-01
  4.3479037478D-03 3.37083D+12 2.20795D+06 2.17489D+00 4.98480D+02 7.000D-01
  5.2596489074D-03 4.31256D+12 2.33982D+06 2.13750D+00 4.98480D+02 7.000D-01
  6.3424961128D-03 5.51163D+12 2.47776D+06 2.09941D+00 4.98480D+02 7.000D-01
  7.6250237850D-03 7.03785D+12 2.62206D+06 2.06064D+00 4.98480D+02 7.000D-01
  9.1400796912D-03 8.98014D+12 2.77298D+06 2.02123D+00 4.98480D+02 7.000D-01
  1.0925252038D-02 1.14517D+13 2.93073D+06 1.98122D+00 4.98480D+02 7.000D-01
  1.3023274684D-02 1.45963D+13 3.09552D+06 1.94064D+00 4.98480D+02 7.000D-01
  1.5482309869D-02 1.85962D+13 3.26756D+06 1.89957D+00 4.98480D+02 7.000D-01
  1.8356038126D-02 2.36816D+13 3.44710D+06 1.85805D+00 4.98480D+02 7.000D-01
  2.1703475015D-02 3.01410D+13 3.63442D+06 1.81616D+00 4.98480D+02 7.000D-01
  2.5588433655D-02 3.83340D+13 3.82989D+06 1.77401D+00 4.98480D+02 7.000D-01
  3.0078567814D-02 4.87045D+13 4.03390D+06 1.73168D+00 4.98480D+02 7.000D-01
  3.5243970187D-02 6.17952D+13 4.24691D+06 1.68929D+00 4.98480D+02 7.000D-01
  4.1155471195D-02 7.82618D+13 4.46941D+06 1.64696D+00 4.98480D+02 7.000D-01
  4.7883310600D-02 9.88898D+13 4.70177D+06 1.60479D+00 4.98480D+02 7.000D-01
  5.5495734631D-02 1.24611D+14 4.94417D+06 1.56290D+00 4.98480D+02 7.000D-01
  6.4058376697D-02 1.56525D+14 5.19648D+06 1.52139D+00 4.98480D+02 7.000D-01
  7.3632899714D-02 1.95915D+14 5.45817D+06 1.48035D+00 4.98480D+02 7.000D-01
  8.4274740172D-02 2.44260D+14 5.72850D+06 1.43984D+00 4.98480D+02 7.000D-01
  9.6030642837D-02 3.03244D+14 6.00654D+06 1.39996D+00 4.98480D+02 7.000D-01
  1.0893618679D-01 3.74750D+14 6.29128D+06 1.36077D+00 4.98480D+02 7.000D-01
  1.2301355842D-01 4.60850D+14 6.58173D+06 1.32235D+00 4.98480D+02 7.000D-01
  1.3826983539D-01 5.63780D+14 6.87697D+06 1.28477D+00 4.98480D+02 7.000D-01
  1.5469599857D-01 6.85906D+14 7.17620D+06 1.24807D+00 4.98480D+02 7.000D-01
  1.7226679632D-01 8.29685D+14 7.47881D+06 1.21232D+00 4.98480D+02 7.000D-01
  1.9094147004D-01 9.97616D+14 7.78433D+06 1.17754D+00 4.98479D+02 7.000D-01
  2.1066523851D-01 1.19219D+15 8.09253D+06 1.14375D+00 4.98479D+02 7.000D-01
  2.3137137311D-01 1.41585D+15 8.40330D+06 1.11096D+00 4.98479D+02 7.000D-01
  2.5298380653D-01 1.67093D+15 8.71671D+06 1.07916D+00 4.98478D+02 7.000D-01
  2.7541990443D-01 1.95966D+15 9.03293D+06 1.04832D+00 4.98477D+02 7.000D-01
  2.9859295448D-01 2.28410D+15 9.35218D+06 1.01842D+00 4.98475D+02 7.000D-01
  3.2241426495D-01 2.64616D+15 9.67476D+06 9.89404D-01 4.98473D+02 7.000D-01
  3.4679484444D-01 3.04754D+15 1.00010D+07 9.61234D-01 4.98470D+02 7.000D-01
  3.7164670002D-01 3.48978D+15 1.03313D+07 9.33856D-01 4.98466D+02 7.000D-01
  3.9688428580D-01 3.97423D+15 1.06660D+07 9.07211D-01 4.98461D+02 7.000D-01
  4.2242546229D-01 4.50205D+15 1.10055D+07 8.81242D-01 4.98455D+02 7.000D-01
  4.4819155939D-01 5.07427D+15 1.13500D+07 8.55888D-01 4.98446D+02 7.000D-01
  4.7410723098D-01 5.69170D+15 1.16998D+07 8.31089D-01 4.98434D+02 7.000D-01
  5.0010015459D-01 6.35503D+15 1.20553D+07 8.06788D-01 4.98419D+02 7.000D-01
  5.2610058298D-01 7.06476D+15 1.24168D+07 7.82925D-01 4.98399D+02 7.000D-01
  5.5204073806D-01 7.82120D+15 1.27846D+07 7.59445D-01 4.98371D+02 7.000D-01
  5.7785399800D-01 8.62445D+15 1.31592D+07 7.36294D-01 4.98331D+02 7.000D-01
  6.0347378646D-01 9.47440D+15 1.35410D+07 7.13419D-01 4.98274D+02 7.000D-01
  6.2883199940D-01 1.03706D+16 1.39304D+07 6.90773D-01 4.98191D+02 7.000D-01
  6.5385679966D-01 1.13122D+16 1.43279D+07 6.68310D-01 4.98064D+02 7.000D-01
  6.7846960412D-01 1.22978D+16 1.47339D+07 6.45995D-01 4.97870D+02 7.000D-01
  7.0258112213D-01 1.33250D+16 1.51487D+07 6.23802D-01 4.97569D+02 7.000D-01
  7.2608629402D-01 1.43902D+16 1.55722D+07 6.01723D-01 4.97102D+02 7.000D-01
  7.4885834777D-01 1.54879D+16 1.60039D+07 5.79774D-01 4.96379D+02 7.000D-01
  7.7074344737D-01 1.66102D+16 1.64423D+07 5.58013D-01 4.95267D+02 7.000D-01
  7.9165192654D-01 1.77508D+16 1.68703D+07 5.36457D-01 4.93589D+02 7.000D-01
  8.1139789418D-01 1.88967D+16 1.72830D+07 5.15258D-01 4.91143D+02 7.000D-01
  8.2980067346D-01 2.00322D+16 1.76767D+07 4.94603D-01 4.87714D+02 7.000D-01
  8.4671741911D-01 2.11409D+16 1.80477D+07 4.74684D-01 4.83106D+02 7.000D-01
  8.6206729967D-01 2.22079D+16 1.83932D+07 4.55671D-01 4.77173D+02 7.000D-01
  8.7584672761D-01 2.32219D+16 1.87119D+07 4.37682D-01 4.69848D+02 7.000D-01
  8.8812516974D-01 2.41763D+16 1.90039D+07 4.20765D-01 4.61151D+02 7.000D-01
  8.9902445826D-01 2.50691D+16 1.92705D+07 4.04906D-01 4.51168D+02 7.000D-01
  9.0869314885D-01 2.59017D+16 1.95137D+07 3.90044D-01 4.40036D+02 7.000D-01
  9.1728480385D-01 2.66779D+16 1.97360D+07 3.76093D-01 4.27907D+02 7.000D-01
  9.2494393292D-01 2.74025D+16 1.99398D+07 3.62954D-01 4.14937D+02 7.000D-01
  9.3179908608D-01 2.80803D+16 2.01274D+07 3.50533D-01 4.01271D+02 7.000D-01
  9.3796087869D-01 2.87163D+16 2.03007D+07 3.38739D-01 3.87040D+02 7.000D-01
  9.4352276266D-01 2.93148D+16 2.04617D+07 3.27492D-01 3.72358D+02 7.000D-01
  9.4856301311D-01 2.98797D+16 2.06116D+07 3.16723D-01 3.57325D+02 7.000D-01
  9.5314704547D-01 3.04145D+16 2.07519D+07 3.06370D-01 3.42029D+02 7.000D-01
  9.5732962606D-01 3.09219D+16 2.08836D+07 2.96381D-01 3.26543D+02 7.000D-01
  9.6115673988D-01 3.14047D+16 2.10076D+07 2.86709D-01 3.10934D+02 7.000D-01
  9.6466712984D-01 3.18650D+16 2.11247D+07 2.77313D-01 2.95261D+02 7.000D-01
  9.6789373611D-01 3.23046D+16 2.12355D+07 2.68159D-01 2.79574D+02 7.000D-01
  9.7086480927D-01 3.27254D+16 2.13407D+07 2.59215D-01 2.63920D+02 7.000D-01
  9.7360475128D-01 3.31288D+16 2.14407D+07 2.50450D-01 2.48342D+02 7.000D-01
  9.7613476197D-01 3.35160D+16 2.15360D+07 2.41839D-01 2.32880D+02 7.000D-01
  9.7847334504D-01 3.38884D+16 2.16270D+07 2.33356D-01 2.17569D+02 7.000D-01
  9.8063671111D-01 3.42469D+16 2.17139D+07 2.24975D-01 2.02445D+02 7.000D-01
  9.8263910359D-01 3.45925D+16 2.17972D+07 2.16673D-01 1.87541D+02 7.000D-01
  9.8449306518D-01 3.49262D+16 2.18771D+07 2.08426D-01 1.72889D+02 7.000D-01
  9.8620965771D-01 3.52487D+16 2.19539D+07 2.00209D-01 1.58520D+02 7.000D-01
  9.8779864433D-01 3.55608D+16 2.20277D+07 1.91999D-01 1.44465D+02 7.000D-01
  9.8926864051D-01 3.58630D+16 2.20989D+07 1.83767D-01 1.30754D+02 7.000D-01
  9.9062723856D-01 3.61561D+16 2.21675D+07 1.75486D-01 1.17420D+02 7.000D-01
  9.9188110891D-01 3.64405D+16 2.22337D+07 1.67124D-01 1.04494D+02 7.000D-01
  9.9303608020D-01 3.67169D+16 2.22978D+07 1.58645D-01 9.20098D+01 7.000D-01
  9.9409719871D-01 3.69855D+16 2.23597D+07 1.50006D-01 8.00038D+01 7.000D-01
  9.9506876644D-01 3.72469D+16 2.24197D+07 1.41157D-01 6.85147D+01 7.000D-01
  9.9595435457D-01 3.75015D+16 2.24779D+07 1.32034D-01 5.75852D+01 7.000D-01
  9.9675678547D-01 3.77497D+16 2.25344D+07 1.22555D-01 4.72640D+01 7.000D-01
  9.9747806977D-01 3.79917D+16 2.25892D+07 1.12610D-01 3.76072D+01 7.000D-01
  9.9811927087D-01 3.82278D+16 2.26425D+07 1.02042D-01 2.86826D+01 7.000D-01
  9.9868023773D-01 3.84585D+16 2.26944D+07 9.06113D-02 2.05747D+01 7.000D-01
  9.9915906373D-01 3.86839D+16 2.27449D+07 7.79155D-02 1.33959D+01 7.000D-01
  9.9955086178D-01 3.89042D+16 2.27940D+07 6.31714D-02 7.30901D+00 7.000D-01
  9.9984424780D-01 3.91198D+16 2.28420D+07 4.43499D-02 2.59025D+00 7.000D-01
  1.0000000000D+00 3.93303D+16 2.28886D+07 0.00000D+00 0.00000D+00 7.000D-01
