 Density     Ross opa    Planck opa  No. Free    Av Sq Free  T=  1.0000E-01
  1.0000E+02  6.4395E+03  1.3862E+04  4.3427E+00  1.9187E+01
  1.3180E+02  6.4395E+03  1.3862E+04  4.3427E+00  1.9187E+01
  1.7370E+02  6.4395E+03  1.3862E+04  4.3427E+00  1.9187E+01
  2.2893E+02  6.4395E+03  1.3862E+04  4.3427E+00  1.9187E+01
  3.0172E+02  6.4395E+03  1.3862E+04  4.3427E+00  1.9187E+01
  3.9765E+02  6.4395E+03  1.3862E+04  4.3427E+00  1.9187E+01
  5.2409E+02  6.4395E+03  1.3862E+04  4.3427E+00  1.9187E+01
  6.9072E+02  6.4395E+03  1.3862E+04  4.3427E+00  1.9187E+01
  9.1034E+02  6.4395E+03  1.3862E+04  4.3427E+00  1.9187E+01
  1.1998E+03  6.4395E+03  1.3862E+04  4.3427E+00  1.9187E+01
  1.5813E+03  6.4395E+03  1.3862E+04  4.3427E+00  1.9187E+01
  2.0840E+03  6.4395E+03  1.3862E+04  4.3427E+00  1.9187E+01
  2.7467E+03  6.4395E+03  1.3862E+04  4.3427E+00  1.9187E+01
  3.6200E+03  6.4395E+03  1.3862E+04  4.3427E+00  1.9187E+01
  4.7710E+03  6.4395E+03  1.3862E+04  4.3427E+00  1.9187E+01
  6.2880E+03  6.4395E+03  1.3862E+04  4.3427E+00  1.9187E+01
  8.2873E+03  6.4395E+03  1.3862E+04  4.3427E+00  1.9187E+01
  1.0922E+04  6.4395E+03  1.3862E+04  4.3427E+00  1.9187E+01
  1.4395E+04  6.4395E+03  1.3862E+04  4.3427E+00  1.9187E+01
  1.8972E+04  6.4395E+03  1.3862E+04  4.3427E+00  1.9187E+01
  2.5004E+04  6.4395E+03  1.3862E+04  4.3427E+00  1.9187E+01
  3.2955E+04  6.4395E+03  1.3862E+04  4.3427E+00  1.9187E+01
  4.3433E+04  6.4395E+03  1.3862E+04  4.3427E+00  1.9187E+01
  5.7242E+04  6.4395E+03  1.3862E+04  4.3427E+00  1.9187E+01
  7.5443E+04  6.4395E+03  1.3862E+04  4.3427E+00  1.9187E+01
  9.9430E+04  6.4395E+03  1.3862E+04  4.3427E+00  1.9187E+01
  1.3104E+05  6.4395E+03  1.3862E+04  4.3427E+00  1.9187E+01
  1.7271E+05  6.4395E+03  1.3862E+04  4.3427E+00  1.9187E+01
  2.2763E+05  6.4395E+03  1.3862E+04  4.3427E+00  1.9187E+01
  3.0000E+05  6.4395E+03  1.3862E+04  4.3427E+00  1.9187E+01
 Density     Ross opa    Planck opa  No. Free    Av Sq Free  T=  1.2500E-01
  1.0000E+02  4.0588E+03  1.1118E+04  4.5454E+00  2.1121E+01
  1.3180E+02  4.0588E+03  1.1118E+04  4.5454E+00  2.1121E+01
  1.7370E+02  4.0588E+03  1.1118E+04  4.5454E+00  2.1121E+01
  2.2893E+02  4.0588E+03  1.1118E+04  4.5454E+00  2.1121E+01
  3.0172E+02  4.0588E+03  1.1118E+04  4.5454E+00  2.1121E+01
  3.9765E+02  4.0588E+03  1.1118E+04  4.5454E+00  2.1121E+01
  5.2409E+02  4.0588E+03  1.1118E+04  4.5454E+00  2.1121E+01
  6.9072E+02  4.0588E+03  1.1118E+04  4.5454E+00  2.1121E+01
  9.1034E+02  4.0588E+03  1.1118E+04  4.5454E+00  2.1121E+01
  1.1998E+03  4.0588E+03  1.1118E+04  4.5454E+00  2.1121E+01
  1.5813E+03  4.0588E+03  1.1118E+04  4.5454E+00  2.1121E+01
  2.0840E+03  4.0588E+03  1.1118E+04  4.5454E+00  2.1121E+01
  2.7467E+03  4.0588E+03  1.1118E+04  4.5454E+00  2.1121E+01
  3.6200E+03  4.0588E+03  1.1118E+04  4.5454E+00  2.1121E+01
  4.7710E+03  4.0588E+03  1.1118E+04  4.5454E+00  2.1121E+01
  6.2880E+03  4.0588E+03  1.1118E+04  4.5454E+00  2.1121E+01
  8.2873E+03  4.0588E+03  1.1118E+04  4.5454E+00  2.1121E+01
  1.0922E+04  4.0588E+03  1.1118E+04  4.5454E+00  2.1121E+01
  1.4395E+04  4.0588E+03  1.1118E+04  4.5454E+00  2.1121E+01
  1.8972E+04  4.0588E+03  1.1118E+04  4.5454E+00  2.1121E+01
  2.5004E+04  4.0588E+03  1.1118E+04  4.5454E+00  2.1121E+01
  3.2955E+04  4.0588E+03  1.1118E+04  4.5454E+00  2.1121E+01
  4.3433E+04  4.0588E+03  1.1118E+04  4.5454E+00  2.1121E+01
  5.7242E+04  4.0588E+03  1.1118E+04  4.5454E+00  2.1121E+01
  7.5443E+04  4.0588E+03  1.1118E+04  4.5454E+00  2.1121E+01
  9.9430E+04  4.0588E+03  1.1118E+04  4.5454E+00  2.1121E+01
  1.3104E+05  4.0588E+03  1.1118E+04  4.5454E+00  2.1121E+01
  1.7271E+05  4.0588E+03  1.1118E+04  4.5454E+00  2.1121E+01
  2.2763E+05  4.0588E+03  1.1118E+04  4.5454E+00  2.1121E+01
  3.0000E+05  4.0588E+03  1.1118E+04  4.5454E+00  2.1121E+01
 Density     Ross opa    Planck opa  No. Free    Av Sq Free  T=  1.5000E-01
  1.0000E+02  2.4402E+03  8.8519E+03  4.7215E+00  2.2867E+01
  1.3180E+02  2.4402E+03  8.8519E+03  4.7215E+00  2.2867E+01
  1.7370E+02  2.4402E+03  8.8519E+03  4.7215E+00  2.2867E+01
  2.2893E+02  2.4402E+03  8.8519E+03  4.7215E+00  2.2867E+01
  3.0172E+02  2.4402E+03  8.8519E+03  4.7215E+00  2.2867E+01
  3.9765E+02  2.4402E+03  8.8519E+03  4.7215E+00  2.2867E+01
  5.2409E+02  2.4402E+03  8.8519E+03  4.7215E+00  2.2867E+01
  6.9072E+02  2.4402E+03  8.8519E+03  4.7215E+00  2.2867E+01
  9.1034E+02  2.4402E+03  8.8519E+03  4.7215E+00  2.2867E+01
  1.1998E+03  2.4402E+03  8.8519E+03  4.7215E+00  2.2867E+01
  1.5813E+03  2.4402E+03  8.8519E+03  4.7215E+00  2.2867E+01
  2.0840E+03  2.4402E+03  8.8519E+03  4.7215E+00  2.2867E+01
  2.7467E+03  2.4402E+03  8.8519E+03  4.7215E+00  2.2867E+01
  3.6200E+03  2.4402E+03  8.8519E+03  4.7215E+00  2.2867E+01
  4.7710E+03  2.4402E+03  8.8519E+03  4.7215E+00  2.2867E+01
  6.2880E+03  2.4402E+03  8.8519E+03  4.7215E+00  2.2867E+01
  8.2873E+03  2.4402E+03  8.8519E+03  4.7215E+00  2.2867E+01
  1.0922E+04  2.4402E+03  8.8519E+03  4.7215E+00  2.2867E+01
  1.4395E+04  2.4402E+03  8.8519E+03  4.7215E+00  2.2867E+01
  1.8972E+04  2.4402E+03  8.8519E+03  4.7215E+00  2.2867E+01
  2.5004E+04  2.4402E+03  8.8519E+03  4.7215E+00  2.2867E+01
  3.2955E+04  2.4402E+03  8.8519E+03  4.7215E+00  2.2867E+01
  4.3433E+04  2.4402E+03  8.8519E+03  4.7215E+00  2.2867E+01
  5.7242E+04  2.4402E+03  8.8519E+03  4.7215E+00  2.2867E+01
  7.5443E+04  2.4402E+03  8.8519E+03  4.7215E+00  2.2867E+01
  9.9430E+04  2.4402E+03  8.8519E+03  4.7215E+00  2.2867E+01
  1.3104E+05  2.4402E+03  8.8519E+03  4.7215E+00  2.2867E+01
  1.7271E+05  2.4402E+03  8.8519E+03  4.7215E+00  2.2867E+01
  2.2763E+05  2.4402E+03  8.8519E+03  4.7215E+00  2.2867E+01
  3.0000E+05  2.4402E+03  8.8519E+03  4.7215E+00  2.2867E+01
 Density     Ross opa    Planck opa  No. Free    Av Sq Free  T=  2.0000E-01
  1.0000E+02  1.0025E+03  5.6053E+03  4.9878E+00  2.5552E+01
  1.3180E+02  1.0025E+03  5.6053E+03  4.9878E+00  2.5552E+01
  1.7370E+02  1.0025E+03  5.6053E+03  4.9878E+00  2.5552E+01
  2.2893E+02  1.0025E+03  5.6053E+03  4.9878E+00  2.5552E+01
  3.0172E+02  1.0025E+03  5.6053E+03  4.9878E+00  2.5552E+01
  3.9765E+02  1.0025E+03  5.6053E+03  4.9878E+00  2.5552E+01
  5.2409E+02  1.0025E+03  5.6053E+03  4.9878E+00  2.5552E+01
  6.9072E+02  1.0025E+03  5.6053E+03  4.9878E+00  2.5552E+01
  9.1034E+02  1.0025E+03  5.6053E+03  4.9878E+00  2.5552E+01
  1.1998E+03  1.0025E+03  5.6053E+03  4.9878E+00  2.5552E+01
  1.5813E+03  1.0025E+03  5.6053E+03  4.9878E+00  2.5552E+01
  2.0840E+03  1.0025E+03  5.6053E+03  4.9878E+00  2.5552E+01
  2.7467E+03  1.0025E+03  5.6053E+03  4.9878E+00  2.5552E+01
  3.6200E+03  1.0025E+03  5.6053E+03  4.9878E+00  2.5552E+01
  4.7710E+03  1.0025E+03  5.6053E+03  4.9878E+00  2.5552E+01
  6.2880E+03  1.0025E+03  5.6053E+03  4.9878E+00  2.5552E+01
  8.2873E+03  1.0025E+03  5.6053E+03  4.9878E+00  2.5552E+01
  1.0922E+04  1.0025E+03  5.6053E+03  4.9878E+00  2.5552E+01
  1.4395E+04  1.0025E+03  5.6053E+03  4.9878E+00  2.5552E+01
  1.8972E+04  1.0025E+03  5.6053E+03  4.9878E+00  2.5552E+01
  2.5004E+04  1.0025E+03  5.6053E+03  4.9878E+00  2.5552E+01
  3.2955E+04  1.0025E+03  5.6053E+03  4.9878E+00  2.5552E+01
  4.3433E+04  1.0025E+03  5.6053E+03  4.9878E+00  2.5552E+01
  5.7242E+04  1.0025E+03  5.6053E+03  4.9878E+00  2.5552E+01
  7.5443E+04  1.0025E+03  5.6053E+03  4.9878E+00  2.5552E+01
  9.9430E+04  1.0025E+03  5.6053E+03  4.9878E+00  2.5552E+01
  1.3104E+05  1.0025E+03  5.6053E+03  4.9878E+00  2.5552E+01
  1.7271E+05  1.0025E+03  5.6053E+03  4.9878E+00  2.5552E+01
  2.2763E+05  1.0025E+03  5.6053E+03  4.9878E+00  2.5552E+01
  3.0000E+05  1.0025E+03  5.6053E+03  4.9878E+00  2.5552E+01
 Density     Ross opa    Planck opa  No. Free    Av Sq Free  T=  2.5000E-01
  1.0000E+02  4.9103E+02  3.6365E+03  5.1406E+00  2.7105E+01
  1.3180E+02  4.9103E+02  3.6365E+03  5.1406E+00  2.7105E+01
  1.7370E+02  4.9103E+02  3.6365E+03  5.1406E+00  2.7105E+01
  2.2893E+02  4.9103E+02  3.6365E+03  5.1406E+00  2.7105E+01
  3.0172E+02  4.9103E+02  3.6365E+03  5.1406E+00  2.7105E+01
  3.9765E+02  4.9103E+02  3.6365E+03  5.1406E+00  2.7105E+01
  5.2409E+02  4.9103E+02  3.6365E+03  5.1406E+00  2.7105E+01
  6.9072E+02  4.9103E+02  3.6365E+03  5.1406E+00  2.7105E+01
  9.1034E+02  4.9103E+02  3.6365E+03  5.1406E+00  2.7105E+01
  1.1998E+03  4.9103E+02  3.6365E+03  5.1406E+00  2.7105E+01
  1.5813E+03  4.9103E+02  3.6365E+03  5.1406E+00  2.7105E+01
  2.0840E+03  4.9103E+02  3.6365E+03  5.1406E+00  2.7105E+01
  2.7467E+03  4.9103E+02  3.6365E+03  5.1406E+00  2.7105E+01
  3.6200E+03  4.9103E+02  3.6365E+03  5.1406E+00  2.7105E+01
  4.7710E+03  4.9103E+02  3.6365E+03  5.1406E+00  2.7105E+01
  6.2880E+03  4.9103E+02  3.6365E+03  5.1406E+00  2.7105E+01
  8.2873E+03  4.9103E+02  3.6365E+03  5.1406E+00  2.7105E+01
  1.0922E+04  4.9103E+02  3.6365E+03  5.1406E+00  2.7105E+01
  1.4395E+04  4.9103E+02  3.6365E+03  5.1406E+00  2.7105E+01
  1.8972E+04  4.9103E+02  3.6365E+03  5.1406E+00  2.7105E+01
  2.5004E+04  4.9103E+02  3.6365E+03  5.1406E+00  2.7105E+01
  3.2955E+04  4.9103E+02  3.6365E+03  5.1406E+00  2.7105E+01
  4.3433E+04  4.9103E+02  3.6365E+03  5.1406E+00  2.7105E+01
  5.7242E+04  4.9103E+02  3.6365E+03  5.1406E+00  2.7105E+01
  7.5443E+04  4.9103E+02  3.6365E+03  5.1406E+00  2.7105E+01
  9.9430E+04  4.9103E+02  3.6365E+03  5.1406E+00  2.7105E+01
  1.3104E+05  4.9103E+02  3.6365E+03  5.1406E+00  2.7105E+01
  1.7271E+05  4.9103E+02  3.6365E+03  5.1406E+00  2.7105E+01
  2.2763E+05  4.9103E+02  3.6365E+03  5.1406E+00  2.7105E+01
  3.0000E+05  4.9103E+02  3.6365E+03  5.1406E+00  2.7105E+01
 Density     Ross opa    Planck opa  No. Free    Av Sq Free  T=  3.0000E-01
  1.0000E+02  2.7447E+02  2.4648E+03  5.2434E+00  2.8177E+01
  1.3180E+02  2.7447E+02  2.4648E+03  5.2434E+00  2.8177E+01
  1.7370E+02  2.7447E+02  2.4648E+03  5.2434E+00  2.8177E+01
  2.2893E+02  2.7447E+02  2.4648E+03  5.2434E+00  2.8177E+01
  3.0172E+02  2.7447E+02  2.4648E+03  5.2434E+00  2.8177E+01
  3.9765E+02  2.7447E+02  2.4648E+03  5.2434E+00  2.8177E+01
  5.2409E+02  2.7447E+02  2.4648E+03  5.2434E+00  2.8177E+01
  6.9072E+02  2.7447E+02  2.4648E+03  5.2434E+00  2.8177E+01
  9.1034E+02  2.7447E+02  2.4648E+03  5.2434E+00  2.8177E+01
  1.1998E+03  2.7447E+02  2.4648E+03  5.2434E+00  2.8177E+01
  1.5813E+03  2.7447E+02  2.4648E+03  5.2434E+00  2.8177E+01
  2.0840E+03  2.7447E+02  2.4648E+03  5.2434E+00  2.8177E+01
  2.7467E+03  2.7447E+02  2.4648E+03  5.2434E+00  2.8177E+01
  3.6200E+03  2.7447E+02  2.4648E+03  5.2434E+00  2.8177E+01
  4.7710E+03  2.7447E+02  2.4648E+03  5.2434E+00  2.8177E+01
  6.2880E+03  2.7447E+02  2.4648E+03  5.2434E+00  2.8177E+01
  8.2873E+03  2.7447E+02  2.4648E+03  5.2434E+00  2.8177E+01
  1.0922E+04  2.7447E+02  2.4648E+03  5.2434E+00  2.8177E+01
  1.4395E+04  2.7447E+02  2.4648E+03  5.2434E+00  2.8177E+01
  1.8972E+04  2.7447E+02  2.4648E+03  5.2434E+00  2.8177E+01
  2.5004E+04  2.7447E+02  2.4648E+03  5.2434E+00  2.8177E+01
  3.2955E+04  2.7447E+02  2.4648E+03  5.2434E+00  2.8177E+01
  4.3433E+04  2.7447E+02  2.4648E+03  5.2434E+00  2.8177E+01
  5.7242E+04  2.7447E+02  2.4648E+03  5.2434E+00  2.8177E+01
  7.5443E+04  2.7447E+02  2.4648E+03  5.2434E+00  2.8177E+01
  9.9430E+04  2.7447E+02  2.4648E+03  5.2434E+00  2.8177E+01
  1.3104E+05  2.7447E+02  2.4648E+03  5.2434E+00  2.8177E+01
  1.7271E+05  2.7447E+02  2.4648E+03  5.2434E+00  2.8177E+01
  2.2763E+05  2.7447E+02  2.4648E+03  5.2434E+00  2.8177E+01
  3.0000E+05  2.7447E+02  2.4648E+03  5.2434E+00  2.8177E+01
 Density     Ross opa    Planck opa  No. Free    Av Sq Free  T=  4.0000E-01
  1.0000E+02  1.1062E+02  1.2940E+03  5.3676E+00  2.9503E+01
  1.3180E+02  1.1062E+02  1.2940E+03  5.3676E+00  2.9503E+01
  1.7370E+02  1.1062E+02  1.2940E+03  5.3676E+00  2.9503E+01
  2.2893E+02  1.1062E+02  1.2940E+03  5.3676E+00  2.9503E+01
  3.0172E+02  1.1062E+02  1.2940E+03  5.3676E+00  2.9503E+01
  3.9765E+02  1.1062E+02  1.2940E+03  5.3676E+00  2.9503E+01
  5.2409E+02  1.1062E+02  1.2940E+03  5.3676E+00  2.9503E+01
  6.9072E+02  1.1062E+02  1.2940E+03  5.3676E+00  2.9503E+01
  9.1034E+02  1.1062E+02  1.2940E+03  5.3676E+00  2.9503E+01
  1.1998E+03  1.1062E+02  1.2940E+03  5.3676E+00  2.9503E+01
  1.5813E+03  1.1062E+02  1.2940E+03  5.3676E+00  2.9503E+01
  2.0840E+03  1.1062E+02  1.2940E+03  5.3676E+00  2.9503E+01
  2.7467E+03  1.1062E+02  1.2940E+03  5.3676E+00  2.9503E+01
  3.6200E+03  1.1062E+02  1.2940E+03  5.3676E+00  2.9503E+01
  4.7710E+03  1.1062E+02  1.2940E+03  5.3676E+00  2.9503E+01
  6.2880E+03  1.1062E+02  1.2940E+03  5.3676E+00  2.9503E+01
  8.2873E+03  1.1062E+02  1.2940E+03  5.3676E+00  2.9503E+01
  1.0922E+04  1.1062E+02  1.2940E+03  5.3676E+00  2.9503E+01
  1.4395E+04  1.1062E+02  1.2940E+03  5.3676E+00  2.9503E+01
  1.8972E+04  1.1062E+02  1.2940E+03  5.3676E+00  2.9503E+01
  2.5004E+04  1.1062E+02  1.2940E+03  5.3676E+00  2.9503E+01
  3.2955E+04  1.1062E+02  1.2940E+03  5.3676E+00  2.9503E+01
  4.3433E+04  1.1062E+02  1.2940E+03  5.3676E+00  2.9503E+01
  5.7242E+04  1.1062E+02  1.2940E+03  5.3676E+00  2.9503E+01
  7.5443E+04  1.1062E+02  1.2940E+03  5.3676E+00  2.9503E+01
  9.9430E+04  1.1062E+02  1.2940E+03  5.3676E+00  2.9503E+01
  1.3104E+05  1.1062E+02  1.2940E+03  5.3676E+00  2.9503E+01
  1.7271E+05  1.1062E+02  1.2940E+03  5.3676E+00  2.9503E+01
  2.2763E+05  1.1062E+02  1.2940E+03  5.3676E+00  2.9503E+01
  3.0000E+05  1.1062E+02  1.2940E+03  5.3676E+00  2.9503E+01
 Density     Ross opa    Planck opa  No. Free    Av Sq Free  T=  5.0000E-01
  1.0000E+02  5.8853E+01  7.8186E+02  5.4179E+00  3.0038E+01
  1.3180E+02  6.5087E+01  8.2781E+02  5.3821E+00  2.9617E+01
  1.7370E+02  7.3283E+01  8.8275E+02  5.3350E+00  2.9063E+01
  2.2893E+02  7.7917E+01  9.1681E+02  5.3083E+00  2.8749E+01
  3.0172E+02  7.7917E+01  9.1681E+02  5.3083E+00  2.8749E+01
  3.9765E+02  7.7917E+01  9.1681E+02  5.3083E+00  2.8749E+01
  5.2409E+02  7.7917E+01  9.1681E+02  5.3083E+00  2.8749E+01
  6.9072E+02  7.7917E+01  9.1681E+02  5.3083E+00  2.8749E+01
  9.1034E+02  7.7917E+01  9.1681E+02  5.3083E+00  2.8749E+01
  1.1998E+03  7.7917E+01  9.1681E+02  5.3083E+00  2.8749E+01
  1.5813E+03  7.7917E+01  9.1681E+02  5.3083E+00  2.8749E+01
  2.0840E+03  7.7917E+01  9.1681E+02  5.3083E+00  2.8749E+01
  2.7467E+03  7.7917E+01  9.1681E+02  5.3083E+00  2.8749E+01
  3.6200E+03  7.7917E+01  9.1681E+02  5.3083E+00  2.8749E+01
  4.7710E+03  7.7917E+01  9.1681E+02  5.3083E+00  2.8749E+01
  6.2880E+03  7.7917E+01  9.1681E+02  5.3083E+00  2.8749E+01
  8.2873E+03  7.7917E+01  9.1681E+02  5.3083E+00  2.8749E+01
  1.0922E+04  7.7917E+01  9.1681E+02  5.3083E+00  2.8749E+01
  1.4395E+04  7.7917E+01  9.1681E+02  5.3083E+00  2.8749E+01
  1.8972E+04  7.7917E+01  9.1681E+02  5.3083E+00  2.8749E+01
  2.5004E+04  7.7917E+01  9.1681E+02  5.3083E+00  2.8749E+01
  3.2955E+04  7.7917E+01  9.1681E+02  5.3083E+00  2.8749E+01
  4.3433E+04  7.7917E+01  9.1681E+02  5.3083E+00  2.8749E+01
  5.7242E+04  7.7917E+01  9.1681E+02  5.3083E+00  2.8749E+01
  7.5443E+04  7.7917E+01  9.1681E+02  5.3083E+00  2.8749E+01
  9.9430E+04  7.7917E+01  9.1681E+02  5.3083E+00  2.8749E+01
  1.3104E+05  7.7917E+01  9.1681E+02  5.3083E+00  2.8749E+01
  1.7271E+05  7.7917E+01  9.1681E+02  5.3083E+00  2.8749E+01
  2.2763E+05  7.7917E+01  9.1681E+02  5.3083E+00  2.8749E+01
  3.0000E+05  7.7917E+01  9.1681E+02  5.3083E+00  2.8749E+01
 Density     Ross opa    Planck opa  No. Free    Av Sq Free  T=  6.0000E-01
  1.0000E+02  3.0382E+01  4.6345E+02  5.5136E+00  3.1104E+01
  1.3180E+02  3.3445E+01  4.8901E+02  5.5244E+00  3.1190E+01
  1.7370E+02  3.5944E+01  5.0062E+02  5.5995E+00  3.1948E+01
  2.2893E+02  3.9227E+01  5.1363E+02  5.6986E+00  3.2946E+01
  3.0172E+02  3.9935E+01  5.1784E+02  5.7199E+00  3.3161E+01
  3.9765E+02  3.9935E+01  5.1784E+02  5.7199E+00  3.3161E+01
  5.2409E+02  3.9935E+01  5.1784E+02  5.7199E+00  3.3161E+01
  6.9072E+02  3.9935E+01  5.1784E+02  5.7199E+00  3.3161E+01
  9.1034E+02  3.9935E+01  5.1784E+02  5.7199E+00  3.3161E+01
  1.1998E+03  3.9935E+01  5.1784E+02  5.7199E+00  3.3161E+01
  1.5813E+03  3.9935E+01  5.1784E+02  5.7199E+00  3.3161E+01
  2.0840E+03  3.9935E+01  5.1784E+02  5.7199E+00  3.3161E+01
  2.7467E+03  3.9935E+01  5.1784E+02  5.7199E+00  3.3161E+01
  3.6200E+03  3.9935E+01  5.1784E+02  5.7199E+00  3.3161E+01
  4.7710E+03  3.9935E+01  5.1784E+02  5.7199E+00  3.3161E+01
  6.2880E+03  3.9935E+01  5.1784E+02  5.7199E+00  3.3161E+01
  8.2873E+03  3.9935E+01  5.1784E+02  5.7199E+00  3.3161E+01
  1.0922E+04  3.9935E+01  5.1784E+02  5.7199E+00  3.3161E+01
  1.4395E+04  3.9935E+01  5.1784E+02  5.7199E+00  3.3161E+01
  1.8972E+04  3.9935E+01  5.1784E+02  5.7199E+00  3.3161E+01
  2.5004E+04  3.9935E+01  5.1784E+02  5.7199E+00  3.3161E+01
  3.2955E+04  3.9935E+01  5.1784E+02  5.7199E+00  3.3161E+01
  4.3433E+04  3.9935E+01  5.1784E+02  5.7199E+00  3.3161E+01
  5.7242E+04  3.9935E+01  5.1784E+02  5.7199E+00  3.3161E+01
  7.5443E+04  3.9935E+01  5.1784E+02  5.7199E+00  3.3161E+01
  9.9430E+04  3.9935E+01  5.1784E+02  5.7199E+00  3.3161E+01
  1.3104E+05  3.9935E+01  5.1784E+02  5.7199E+00  3.3161E+01
  1.7271E+05  3.9935E+01  5.1784E+02  5.7199E+00  3.3161E+01
  2.2763E+05  3.9935E+01  5.1784E+02  5.7199E+00  3.3161E+01
  3.0000E+05  3.9935E+01  5.1784E+02  5.7199E+00  3.3161E+01
 Density     Ross opa    Planck opa  No. Free    Av Sq Free  T=  8.0000E-01
  1.0000E+02  9.9358E+00  1.7826E+02  5.7182E+00  3.3328E+01
  1.3180E+02  1.1844E+01  2.0788E+02  5.6448E+00  3.2518E+01
  1.7370E+02  1.3916E+01  2.3757E+02  5.6009E+00  3.2024E+01
  2.2893E+02  1.4964E+01  2.4106E+02  5.7472E+00  3.3588E+01
  3.0172E+02  1.6341E+01  2.4640E+02  5.9400E+00  3.5648E+01
  3.9765E+02  1.7244E+01  2.4964E+02  6.0667E+00  3.7003E+01
  5.2409E+02  1.7244E+01  2.4964E+02  6.0667E+00  3.7003E+01
  6.9072E+02  1.7244E+01  2.4964E+02  6.0667E+00  3.7003E+01
  9.1034E+02  1.7244E+01  2.4964E+02  6.0667E+00  3.7003E+01
  1.1998E+03  1.7244E+01  2.4964E+02  6.0667E+00  3.7003E+01
  1.5813E+03  1.7244E+01  2.4964E+02  6.0667E+00  3.7003E+01
  2.0840E+03  1.7244E+01  2.4964E+02  6.0667E+00  3.7003E+01
  2.7467E+03  1.7244E+01  2.4964E+02  6.0667E+00  3.7003E+01
  3.6200E+03  1.7244E+01  2.4964E+02  6.0667E+00  3.7003E+01
  4.7710E+03  1.7244E+01  2.4964E+02  6.0667E+00  3.7003E+01
  6.2880E+03  1.7244E+01  2.4964E+02  6.0667E+00  3.7003E+01
  8.2873E+03  1.7244E+01  2.4964E+02  6.0667E+00  3.7003E+01
  1.0922E+04  1.7244E+01  2.4964E+02  6.0667E+00  3.7003E+01
  1.4395E+04  1.7244E+01  2.4964E+02  6.0667E+00  3.7003E+01
  1.8972E+04  1.7244E+01  2.4964E+02  6.0667E+00  3.7003E+01
  2.5004E+04  1.7244E+01  2.4964E+02  6.0667E+00  3.7003E+01
  3.2955E+04  1.7244E+01  2.4964E+02  6.0667E+00  3.7003E+01
  4.3433E+04  1.7244E+01  2.4964E+02  6.0667E+00  3.7003E+01
  5.7242E+04  1.7244E+01  2.4964E+02  6.0667E+00  3.7003E+01
  7.5443E+04  1.7244E+01  2.4964E+02  6.0667E+00  3.7003E+01
  9.9430E+04  1.7244E+01  2.4964E+02  6.0667E+00  3.7003E+01
  1.3104E+05  1.7244E+01  2.4964E+02  6.0667E+00  3.7003E+01
  1.7271E+05  1.7244E+01  2.4964E+02  6.0667E+00  3.7003E+01
  2.2763E+05  1.7244E+01  2.4964E+02  6.0667E+00  3.7003E+01
  3.0000E+05  1.7244E+01  2.4964E+02  6.0667E+00  3.7003E+01
 Density     Ross opa    Planck opa  No. Free    Av Sq Free  T=  1.0000E+00
  1.0000E+02  4.4766E+00  8.6382E+01  5.8229E+00  3.4488E+01
  1.3180E+02  5.1046E+00  9.7009E+01  5.8129E+00  3.4355E+01
  1.7370E+02  5.9281E+00  1.1038E+02  5.7996E+00  3.4180E+01
  2.2893E+02  6.9537E+00  1.2635E+02  5.7952E+00  3.4096E+01
  3.0172E+02  7.9510E+00  1.3718E+02  5.8721E+00  3.4925E+01
  3.9765E+02  9.2609E+00  1.5008E+02  5.9735E+00  3.6017E+01
  5.2409E+02  1.0497E+01  1.6318E+02  6.0694E+00  3.7050E+01
  6.9072E+02  1.0497E+01  1.6318E+02  6.0694E+00  3.7050E+01
  9.1034E+02  1.0497E+01  1.6318E+02  6.0694E+00  3.7050E+01
  1.1998E+03  1.0497E+01  1.6318E+02  6.0694E+00  3.7050E+01
  1.5813E+03  1.0497E+01  1.6318E+02  6.0694E+00  3.7050E+01
  2.0840E+03  1.0497E+01  1.6318E+02  6.0694E+00  3.7050E+01
  2.7467E+03  1.0497E+01  1.6318E+02  6.0694E+00  3.7050E+01
  3.6200E+03  1.0497E+01  1.6318E+02  6.0694E+00  3.7050E+01
  4.7710E+03  1.0497E+01  1.6318E+02  6.0694E+00  3.7050E+01
  6.2880E+03  1.0497E+01  1.6318E+02  6.0694E+00  3.7050E+01
  8.2873E+03  1.0497E+01  1.6318E+02  6.0694E+00  3.7050E+01
  1.0922E+04  1.0497E+01  1.6318E+02  6.0694E+00  3.7050E+01
  1.4395E+04  1.0497E+01  1.6318E+02  6.0694E+00  3.7050E+01
  1.8972E+04  1.0497E+01  1.6318E+02  6.0694E+00  3.7050E+01
  2.5004E+04  1.0497E+01  1.6318E+02  6.0694E+00  3.7050E+01
  3.2955E+04  1.0497E+01  1.6318E+02  6.0694E+00  3.7050E+01
  4.3433E+04  1.0497E+01  1.6318E+02  6.0694E+00  3.7050E+01
  5.7242E+04  1.0497E+01  1.6318E+02  6.0694E+00  3.7050E+01
  7.5443E+04  1.0497E+01  1.6318E+02  6.0694E+00  3.7050E+01
  9.9430E+04  1.0497E+01  1.6318E+02  6.0694E+00  3.7050E+01
  1.3104E+05  1.0497E+01  1.6318E+02  6.0694E+00  3.7050E+01
  1.7271E+05  1.0497E+01  1.6318E+02  6.0694E+00  3.7050E+01
  2.2763E+05  1.0497E+01  1.6318E+02  6.0694E+00  3.7050E+01
  3.0000E+05  1.0497E+01  1.6318E+02  6.0694E+00  3.7050E+01
 Density     Ross opa    Planck opa  No. Free    Av Sq Free  T=  1.2500E+00
  1.0000E+02  2.1673E+00  4.1327E+01  5.8800E+00  3.5143E+01
  1.3180E+02  2.5214E+00  4.8771E+01  5.8587E+00  3.4898E+01
  1.7370E+02  2.7714E+00  5.2697E+01  5.9169E+00  3.5516E+01
  2.2893E+02  3.0984E+00  5.8048E+01  5.9935E+00  3.6330E+01
  3.0172E+02  3.5456E+00  6.4903E+01  6.0805E+00  3.7252E+01
  3.9765E+02  4.2918E+00  7.5427E+01  6.0784E+00  3.7213E+01
  5.2409E+02  5.2681E+00  8.8755E+01  6.0756E+00  3.7161E+01
  6.9072E+02  6.4818E+00  1.0514E+02  6.0721E+00  3.7096E+01
  9.1034E+02  6.4818E+00  1.0514E+02  6.0721E+00  3.7096E+01
  1.1998E+03  6.4818E+00  1.0514E+02  6.0721E+00  3.7096E+01
  1.5813E+03  6.4818E+00  1.0514E+02  6.0721E+00  3.7096E+01
  2.0840E+03  6.4818E+00  1.0514E+02  6.0721E+00  3.7096E+01
  2.7467E+03  6.4818E+00  1.0514E+02  6.0721E+00  3.7096E+01
  3.6200E+03  6.4818E+00  1.0514E+02  6.0721E+00  3.7096E+01
  4.7710E+03  6.4818E+00  1.0514E+02  6.0721E+00  3.7096E+01
  6.2880E+03  6.4818E+00  1.0514E+02  6.0721E+00  3.7096E+01
  8.2873E+03  6.4818E+00  1.0514E+02  6.0721E+00  3.7096E+01
  1.0922E+04  6.4818E+00  1.0514E+02  6.0721E+00  3.7096E+01
  1.4395E+04  6.4818E+00  1.0514E+02  6.0721E+00  3.7096E+01
  1.8972E+04  6.4818E+00  1.0514E+02  6.0721E+00  3.7096E+01
  2.5004E+04  6.4818E+00  1.0514E+02  6.0721E+00  3.7096E+01
  3.2955E+04  6.4818E+00  1.0514E+02  6.0721E+00  3.7096E+01
  4.3433E+04  6.4818E+00  1.0514E+02  6.0721E+00  3.7096E+01
  5.7242E+04  6.4818E+00  1.0514E+02  6.0721E+00  3.7096E+01
  7.5443E+04  6.4818E+00  1.0514E+02  6.0721E+00  3.7096E+01
  9.9430E+04  6.4818E+00  1.0514E+02  6.0721E+00  3.7096E+01
  1.3104E+05  6.4818E+00  1.0514E+02  6.0721E+00  3.7096E+01
  1.7271E+05  6.4818E+00  1.0514E+02  6.0721E+00  3.7096E+01
  2.2763E+05  6.4818E+00  1.0514E+02  6.0721E+00  3.7096E+01
  3.0000E+05  6.4818E+00  1.0514E+02  6.0721E+00  3.7096E+01
 Density     Ross opa    Planck opa  No. Free    Av Sq Free  T=  1.5000E+00
  1.0000E+02  1.2508E+00  2.1461E+01  5.9366E+00  3.5773E+01
  1.3180E+02  1.4682E+00  2.6663E+01  5.8947E+00  3.5304E+01
  1.7370E+02  1.6956E+00  3.1815E+01  5.8779E+00  3.5106E+01
  2.2893E+02  1.8882E+00  3.5133E+01  5.9316E+00  3.5679E+01
  3.0172E+02  2.1389E+00  3.9607E+01  6.0025E+00  3.6434E+01
  3.9765E+02  2.4740E+00  4.5196E+01  6.0819E+00  3.7278E+01
  5.2409E+02  2.9768E+00  5.2498E+01  6.0799E+00  3.7240E+01
  6.9072E+02  3.6327E+00  6.2187E+01  6.0772E+00  3.7189E+01
  9.1034E+02  4.4355E+00  7.3516E+01  6.0738E+00  3.7126E+01
  1.1998E+03  4.4355E+00  7.3516E+01  6.0738E+00  3.7126E+01
  1.5813E+03  4.4355E+00  7.3516E+01  6.0738E+00  3.7126E+01
  2.0840E+03  4.4355E+00  7.3516E+01  6.0738E+00  3.7126E+01
  2.7467E+03  4.4355E+00  7.3516E+01  6.0738E+00  3.7126E+01
  3.6200E+03  4.4355E+00  7.3516E+01  6.0738E+00  3.7126E+01
  4.7710E+03  4.4355E+00  7.3516E+01  6.0738E+00  3.7126E+01
  6.2880E+03  4.4355E+00  7.3516E+01  6.0738E+00  3.7126E+01
  8.2873E+03  4.4355E+00  7.3516E+01  6.0738E+00  3.7126E+01
  1.0922E+04  4.4355E+00  7.3516E+01  6.0738E+00  3.7126E+01
  1.4395E+04  4.4355E+00  7.3516E+01  6.0738E+00  3.7126E+01
  1.8972E+04  4.4355E+00  7.3516E+01  6.0738E+00  3.7126E+01
  2.5004E+04  4.4355E+00  7.3516E+01  6.0738E+00  3.7126E+01
  3.2955E+04  4.4355E+00  7.3516E+01  6.0738E+00  3.7126E+01
  4.3433E+04  4.4355E+00  7.3516E+01  6.0738E+00  3.7126E+01
  5.7242E+04  4.4355E+00  7.3516E+01  6.0738E+00  3.7126E+01
  7.5443E+04  4.4355E+00  7.3516E+01  6.0738E+00  3.7126E+01
  9.9430E+04  4.4355E+00  7.3516E+01  6.0738E+00  3.7126E+01
  1.3104E+05  4.4355E+00  7.3516E+01  6.0738E+00  3.7126E+01
  1.7271E+05  4.4355E+00  7.3516E+01  6.0738E+00  3.7126E+01
  2.2763E+05  4.4355E+00  7.3516E+01  6.0738E+00  3.7126E+01
  3.0000E+05  4.4355E+00  7.3516E+01  6.0738E+00  3.7126E+01
 Density     Ross opa    Planck opa  No. Free    Av Sq Free  T=  2.0000E+00
  1.0000E+02  6.2273E-01  7.7781E+00  6.0040E+00  3.6529E+01
  1.3180E+02  6.7657E-01  9.0337E+00  6.0235E+00  3.6735E+01
  1.7370E+02  7.4521E-01  1.0599E+01  6.0492E+00  3.7006E+01
  2.2893E+02  8.3268E-01  1.2649E+01  6.0830E+00  3.7363E+01
  3.0172E+02  9.6113E-01  1.5245E+01  6.0851E+00  3.7374E+01
  3.9765E+02  1.1260E+00  1.8518E+01  6.0847E+00  3.7355E+01
  5.2409E+02  1.3366E+00  2.2798E+01  6.0842E+00  3.7329E+01
  6.9072E+02  1.5852E+00  2.7225E+01  6.0835E+00  3.7307E+01
  9.1034E+02  1.8873E+00  3.1842E+01  6.0826E+00  3.7288E+01
  1.1998E+03  2.2788E+00  3.7713E+01  6.0813E+00  3.7262E+01
  1.5813E+03  2.5181E+00  4.1490E+01  6.0806E+00  3.7246E+01
  2.0840E+03  2.5181E+00  4.1490E+01  6.0806E+00  3.7246E+01
  2.7467E+03  2.5181E+00  4.1490E+01  6.0806E+00  3.7246E+01
  3.6200E+03  2.5181E+00  4.1490E+01  6.0806E+00  3.7246E+01
  4.7710E+03  2.5181E+00  4.1490E+01  6.0806E+00  3.7246E+01
  6.2880E+03  2.5181E+00  4.1490E+01  6.0806E+00  3.7246E+01
  8.2873E+03  2.5181E+00  4.1490E+01  6.0806E+00  3.7246E+01
  1.0922E+04  2.5181E+00  4.1490E+01  6.0806E+00  3.7246E+01
  1.4395E+04  2.5181E+00  4.1490E+01  6.0806E+00  3.7246E+01
  1.8972E+04  2.5181E+00  4.1490E+01  6.0806E+00  3.7246E+01
  2.5004E+04  2.5181E+00  4.1490E+01  6.0806E+00  3.7246E+01
  3.2955E+04  2.5181E+00  4.1490E+01  6.0806E+00  3.7246E+01
  4.3433E+04  2.5181E+00  4.1490E+01  6.0806E+00  3.7246E+01
  5.7242E+04  2.5181E+00  4.1490E+01  6.0806E+00  3.7246E+01
  7.5443E+04  2.5181E+00  4.1490E+01  6.0806E+00  3.7246E+01
  9.9430E+04  2.5181E+00  4.1490E+01  6.0806E+00  3.7246E+01
  1.3104E+05  2.5181E+00  4.1490E+01  6.0806E+00  3.7246E+01
  1.7271E+05  2.5181E+00  4.1490E+01  6.0806E+00  3.7246E+01
  2.2763E+05  2.5181E+00  4.1490E+01  6.0806E+00  3.7246E+01
  3.0000E+05  2.5181E+00  4.1490E+01  6.0806E+00  3.7246E+01
 Density     Ross opa    Planck opa  No. Free    Av Sq Free  T=  2.5000E+00
  1.0000E+02  4.1500E-01  3.6442E+00  6.0188E+00  3.6703E+01
  1.3180E+02  4.5758E-01  4.5700E+00  6.0033E+00  3.6528E+01
  1.7370E+02  4.9387E-01  5.3663E+00  6.0225E+00  3.6731E+01
  2.2893E+02  5.3964E-01  6.3614E+00  6.0479E+00  3.6999E+01
  3.0172E+02  5.9732E-01  7.6647E+00  6.0812E+00  3.7353E+01
  3.9765E+02  6.7603E-01  9.2582E+00  6.0909E+00  3.7448E+01
  5.2409E+02  7.7771E-01  1.1311E+01  6.0893E+00  3.7417E+01
  6.9072E+02  9.0629E-01  1.3901E+01  6.0872E+00  3.7375E+01
  9.1034E+02  1.0586E+00  1.6794E+01  6.0865E+00  3.7361E+01
  1.1998E+03  1.2313E+00  1.9450E+01  6.0900E+00  3.7428E+01
  1.5813E+03  1.4533E+00  2.2989E+01  6.0947E+00  3.7517E+01
  2.0840E+03  1.7326E+00  2.6886E+01  6.0989E+00  3.7595E+01
  2.7467E+03  2.0763E+00  3.0424E+01  6.0989E+00  3.7597E+01
  3.6200E+03  2.5225E+00  3.4703E+01  6.0990E+00  3.7599E+01
  4.7710E+03  3.0374E+00  3.8013E+01  6.0990E+00  3.7599E+01
  6.2880E+03  3.6738E+00  4.0937E+01  6.0990E+00  3.7599E+01
  8.2873E+03  4.0077E+00  4.2453E+01  6.0990E+00  3.7599E+01
  1.0922E+04  4.0077E+00  4.2453E+01  6.0990E+00  3.7599E+01
  1.4395E+04  4.0077E+00  4.2453E+01  6.0990E+00  3.7599E+01
  1.8972E+04  4.0077E+00  4.2453E+01  6.0990E+00  3.7599E+01
  2.5004E+04  4.0077E+00  4.2453E+01  6.0990E+00  3.7599E+01
  3.2955E+04  4.0077E+00  4.2453E+01  6.0990E+00  3.7599E+01
  4.3433E+04  4.0077E+00  4.2453E+01  6.0990E+00  3.7599E+01
  5.7242E+04  4.0077E+00  4.2453E+01  6.0990E+00  3.7599E+01
  7.5443E+04  4.0077E+00  4.2453E+01  6.0990E+00  3.7599E+01
  9.9430E+04  4.0077E+00  4.2453E+01  6.0990E+00  3.7599E+01
  1.3104E+05  4.0077E+00  4.2453E+01  6.0990E+00  3.7599E+01
  1.7271E+05  4.0077E+00  4.2453E+01  6.0990E+00  3.7599E+01
  2.2763E+05  4.0077E+00  4.2453E+01  6.0990E+00  3.7599E+01
  3.0000E+05  4.0077E+00  4.2453E+01  6.0990E+00  3.7599E+01
 Density     Ross opa    Planck opa  No. Free    Av Sq Free  T=  3.0000E+00
  1.0000E+02  3.1936E-01  1.9494E+00  6.0378E+00  3.6918E+01
  1.3180E+02  3.4566E-01  2.4898E+00  6.0198E+00  3.6717E+01
  1.7370E+02  3.7566E-01  3.1324E+00  6.0049E+00  3.6547E+01
  2.2893E+02  4.0349E-01  3.6604E+00  6.0239E+00  3.6749E+01
  3.0172E+02  4.3829E-01  4.3965E+00  6.0490E+00  3.7016E+01
  3.9765E+02  4.8174E-01  5.3179E+00  6.0821E+00  3.7367E+01
  5.2409E+02  5.3885E-01  6.4276E+00  6.0914E+00  3.7457E+01
  6.9072E+02  6.1137E-01  7.8490E+00  6.0898E+00  3.7426E+01
  9.1034E+02  7.0231E-01  9.6444E+00  6.0876E+00  3.7384E+01
  1.1998E+03  8.0977E-01  1.1656E+01  6.0870E+00  3.7372E+01
  1.5813E+03  9.3262E-01  1.3636E+01  6.0904E+00  3.7437E+01
  2.0840E+03  1.0895E+00  1.6137E+01  6.0950E+00  3.7523E+01
  2.7467E+03  1.2848E+00  1.8879E+01  6.0990E+00  3.7599E+01
  3.6200E+03  1.5227E+00  2.1348E+01  6.0990E+00  3.7599E+01
  4.7710E+03  1.8302E+00  2.4476E+01  6.0990E+00  3.7599E+01
  6.2880E+03  2.1836E+00  2.6771E+01  6.0990E+00  3.7599E+01
  8.2873E+03  2.6203E+00  2.8801E+01  6.0990E+00  3.7599E+01
  1.0922E+04  3.1309E+00  3.0251E+01  6.0990E+00  3.7600E+01
  1.4395E+04  3.7467E+00  3.0996E+01  6.0991E+00  3.7602E+01
  1.8972E+04  3.8200E+00  3.1129E+01  6.0991E+00  3.7602E+01
  2.5004E+04  3.8200E+00  3.1129E+01  6.0991E+00  3.7602E+01
  3.2955E+04  3.8200E+00  3.1129E+01  6.0991E+00  3.7602E+01
  4.3433E+04  3.8200E+00  3.1129E+01  6.0991E+00  3.7602E+01
  5.7242E+04  3.8200E+00  3.1129E+01  6.0991E+00  3.7602E+01
  7.5443E+04  3.8200E+00  3.1129E+01  6.0991E+00  3.7602E+01
  9.9430E+04  3.8200E+00  3.1129E+01  6.0991E+00  3.7602E+01
  1.3104E+05  3.8200E+00  3.1129E+01  6.0991E+00  3.7602E+01
  1.7271E+05  3.8200E+00  3.1129E+01  6.0991E+00  3.7602E+01
  2.2763E+05  3.8200E+00  3.1129E+01  6.0991E+00  3.7602E+01
  3.0000E+05  3.8200E+00  3.1129E+01  6.0991E+00  3.7602E+01
 Density     Ross opa    Planck opa  No. Free    Av Sq Free  T=  4.0000E+00
  1.0000E+02  2.4113E-01  7.0237E-01  6.0587E+00  3.7154E+01
  1.3180E+02  2.5273E-01  8.9641E-01  6.0473E+00  3.7026E+01
  1.7370E+02  2.6676E-01  1.1410E+00  6.0322E+00  3.6857E+01
  2.2893E+02  2.8375E-01  1.4613E+00  6.0123E+00  3.6635E+01
  3.0172E+02  3.0143E-01  1.7877E+00  6.0146E+00  3.6654E+01
  3.9765E+02  3.2140E-01  2.1390E+00  6.0357E+00  3.6879E+01
  5.2409E+02  3.4601E-01  2.6243E+00  6.0636E+00  3.7175E+01
  6.9072E+02  3.7626E-01  3.2103E+00  6.0930E+00  3.7489E+01
  9.1034E+02  4.1332E-01  3.8643E+00  6.0937E+00  3.7500E+01
  1.1998E+03  4.5920E-01  4.7262E+00  6.0945E+00  3.7515E+01
  1.5813E+03  5.1612E-01  5.8146E+00  6.0957E+00  3.7535E+01
  2.0840E+03  5.8262E-01  6.8813E+00  6.0965E+00  3.7551E+01
  2.7467E+03  6.6507E-01  8.1852E+00  6.0975E+00  3.7570E+01
  3.6200E+03  7.6905E-01  9.8334E+00  6.0987E+00  3.7594E+01
  4.7710E+03  8.8971E-01  1.1232E+01  6.0991E+00  3.7601E+01
  6.2880E+03  1.0396E+00  1.2795E+01  6.0990E+00  3.7601E+01
  8.2873E+03  1.2277E+00  1.4615E+01  6.0990E+00  3.7600E+01
  1.0922E+04  1.4377E+00  1.5656E+01  6.0991E+00  3.7601E+01
  1.4395E+04  1.7090E+00  1.6963E+01  6.0991E+00  3.7602E+01
  1.8972E+04  2.0039E+00  1.7436E+01  6.0992E+00  3.7603E+01
  2.5004E+04  2.3465E+00  1.7863E+01  6.0992E+00  3.7604E+01
  3.2955E+04  2.6983E+00  1.7847E+01  6.0992E+00  3.7604E+01
  4.3433E+04  3.1537E+00  1.7859E+01  6.0992E+00  3.7604E+01
  5.7242E+04  3.2195E+00  1.7959E+01  6.0992E+00  3.7604E+01
  7.5443E+04  3.2195E+00  1.7959E+01  6.0992E+00  3.7604E+01
  9.9430E+04  3.2195E+00  1.7959E+01  6.0992E+00  3.7604E+01
  1.3104E+05  3.2195E+00  1.7959E+01  6.0992E+00  3.7604E+01
  1.7271E+05  3.2195E+00  1.7959E+01  6.0992E+00  3.7604E+01
  2.2763E+05  3.2195E+00  1.7959E+01  6.0992E+00  3.7604E+01
  3.0000E+05  3.2195E+00  1.7959E+01  6.0992E+00  3.7604E+01
 Density     Ross opa    Planck opa  No. Free    Av Sq Free  T=  5.0000E+00
  1.0000E+02  2.0787E-01  3.1525E-01  6.0518E+00  3.7078E+01
  1.3180E+02  2.1463E-01  4.1110E-01  6.0615E+00  3.7185E+01
  1.7370E+02  2.2202E-01  5.1555E-01  6.0540E+00  3.7100E+01
  2.2893E+02  2.3098E-01  6.5270E-01  6.0441E+00  3.6988E+01
  3.0172E+02  2.4180E-01  8.3231E-01  6.0310E+00  3.6840E+01
  3.9765E+02  2.5399E-01  1.0424E+00  6.0278E+00  3.6799E+01
  5.2409E+02  2.6762E-01  1.2830E+00  6.0437E+00  3.6968E+01
  6.9072E+02  2.8425E-01  1.5996E+00  6.0647E+00  3.7190E+01
  9.1034E+02  3.0453E-01  1.9967E+00  6.0923E+00  3.7483E+01
  1.1998E+03  3.2878E-01  2.3807E+00  6.0945E+00  3.7516E+01
  1.5813E+03  3.5855E-01  2.8814E+00  6.0961E+00  3.7545E+01
  2.0840E+03  3.9516E-01  3.5416E+00  6.0981E+00  3.7584E+01
  2.7467E+03  4.3867E-01  4.2334E+00  6.0991E+00  3.7602E+01
  3.6200E+03  4.9157E-01  5.0278E+00  6.0991E+00  3.7602E+01
  4.7710E+03  5.5761E-01  6.0252E+00  6.0991E+00  3.7602E+01
  6.2880E+03  6.3502E-01  7.0304E+00  6.0991E+00  3.7602E+01
  8.2873E+03  7.2767E-01  7.9706E+00  6.0991E+00  3.7601E+01
  1.0922E+04  8.4549E-01  9.2145E+00  6.0990E+00  3.7601E+01
  1.4395E+04  9.7549E-01  9.9736E+00  6.0991E+00  3.7601E+01
  1.8972E+04  1.1404E+00  1.0761E+01  6.0991E+00  3.7602E+01
  2.5004E+04  1.3253E+00  1.1241E+01  6.0991E+00  3.7603E+01
  3.2955E+04  1.5477E+00  1.1652E+01  6.0992E+00  3.7604E+01
  4.3433E+04  1.7593E+00  1.1699E+01  6.0992E+00  3.7604E+01
  5.7242E+04  2.0333E+00  1.1764E+01  6.0992E+00  3.7605E+01
  7.5443E+04  2.1421E+00  1.1778E+01  6.0992E+00  3.7605E+01
  9.9430E+04  2.1421E+00  1.1778E+01  6.0992E+00  3.7605E+01
  1.3104E+05  2.1421E+00  1.1778E+01  6.0992E+00  3.7605E+01
  1.7271E+05  2.1421E+00  1.1778E+01  6.0992E+00  3.7605E+01
  2.2763E+05  2.1421E+00  1.1778E+01  6.0992E+00  3.7605E+01
  3.0000E+05  2.1421E+00  1.1778E+01  6.0992E+00  3.7605E+01
 Density     Ross opa    Planck opa  No. Free    Av Sq Free  T=  6.0000E+00
  1.0000E+02  1.9100E-01  1.6492E-01  6.0477E+00  3.7035E+01
  1.3180E+02  1.9512E-01  2.1472E-01  6.0542E+00  3.7106E+01
  1.7370E+02  2.0003E-01  2.7627E-01  6.0625E+00  3.7197E+01
  2.2893E+02  2.0501E-01  3.4103E-01  6.0684E+00  3.7259E+01
  3.0172E+02  2.1107E-01  4.3073E-01  6.0761E+00  3.7341E+01
  3.9765E+02  2.1843E-01  5.4338E-01  6.0864E+00  3.7450E+01
  5.2409E+02  2.2740E-01  6.8373E-01  6.0928E+00  3.7515E+01
  6.9072E+02  2.3835E-01  8.5974E-01  6.0930E+00  3.7511E+01
  9.1034E+02  2.5156E-01  1.0812E+00  6.0932E+00  3.7506E+01
  1.1998E+03  2.6754E-01  1.3828E+00  6.0935E+00  3.7498E+01
  1.5813E+03  2.8579E-01  1.6526E+00  6.0947E+00  3.7520E+01
  2.0840E+03  3.0806E-01  2.0040E+00  6.0962E+00  3.7549E+01
  2.7467E+03  3.3529E-01  2.4668E+00  6.0982E+00  3.7587E+01
  3.6200E+03  3.6720E-01  2.9489E+00  6.0991E+00  3.7604E+01
  4.7710E+03  4.0560E-01  3.5019E+00  6.0991E+00  3.7604E+01
  6.2880E+03  4.5323E-01  4.2265E+00  6.0991E+00  3.7603E+01
  8.2873E+03  5.0879E-01  4.9241E+00  6.0991E+00  3.7603E+01
  1.0922E+04  5.7511E-01  5.5823E+00  6.0991E+00  3.7603E+01
  1.4395E+04  6.5889E-01  6.4481E+00  6.0991E+00  3.7603E+01
  1.8972E+04  7.5088E-01  6.9731E+00  6.0992E+00  3.7604E+01
  2.5004E+04  8.6729E-01  7.5761E+00  6.0992E+00  3.7604E+01
  3.2955E+04  9.9703E-01  7.9091E+00  6.0992E+00  3.7604E+01
  4.3433E+04  1.1522E+00  8.1990E+00  6.0992E+00  3.7604E+01
  5.7242E+04  1.2996E+00  8.2406E+00  6.0992E+00  3.7605E+01
  7.5443E+04  1.4906E+00  8.3525E+00  6.0992E+00  3.7605E+01
  9.9430E+04  1.6679E+00  8.4164E+00  6.0992E+00  3.7606E+01
  1.3104E+05  1.8591E+00  8.5255E+00  6.0993E+00  3.7609E+01
  1.7271E+05  2.0405E+00  8.5600E+00  6.0993E+00  3.7611E+01
  2.2763E+05  2.0405E+00  8.5600E+00  6.0993E+00  3.7611E+01
  3.0000E+05  2.0405E+00  8.5600E+00  6.0993E+00  3.7611E+01
 Density     Ross opa    Planck opa  No. Free    Av Sq Free  T=  8.0000E+00
  1.0000E+02  1.7206E-01  6.0007E-02  6.0496E+00  3.7058E+01
  1.3180E+02  1.7386E-01  7.7691E-02  6.0521E+00  3.7086E+01
  1.7370E+02  1.7607E-01  9.9721E-02  6.0555E+00  3.7122E+01
  2.2893E+02  1.7875E-01  1.3014E-01  6.0599E+00  3.7170E+01
  3.0172E+02  1.8177E-01  1.6441E-01  6.0656E+00  3.7231E+01
  3.9765E+02  1.8521E-01  2.0508E-01  6.0731E+00  3.7311E+01
  5.2409E+02  1.8940E-01  2.6137E-01  6.0829E+00  3.7415E+01
  6.9072E+02  1.9447E-01  3.3210E-01  6.0958E+00  3.7552E+01
  9.1034E+02  2.0048E-01  4.1456E-01  6.0972E+00  3.7570E+01
  1.1998E+03  2.0774E-01  5.2208E-01  6.0978E+00  3.7581E+01
  1.5813E+03  2.1651E-01  6.5734E-01  6.0986E+00  3.7595E+01
  2.0840E+03  2.2704E-01  8.2090E-01  6.0992E+00  3.7606E+01
  2.7467E+03  2.3973E-01  9.9325E-01  6.0992E+00  3.7606E+01
  3.6200E+03  2.5513E-01  1.2196E+00  6.0992E+00  3.7606E+01
  4.7710E+03  2.7375E-01  1.5129E+00  6.0992E+00  3.7606E+01
  6.2880E+03  2.9463E-01  1.7809E+00  6.0992E+00  3.7606E+01
  8.2873E+03  3.2029E-01  2.1294E+00  6.0992E+00  3.7605E+01
  1.0922E+04  3.5188E-01  2.5858E+00  6.0991E+00  3.7604E+01
  1.4395E+04  3.8688E-01  2.9289E+00  6.0991E+00  3.7604E+01
  1.8972E+04  4.3054E-01  3.3455E+00  6.0992E+00  3.7604E+01
  2.5004E+04  4.8221E-01  3.7787E+00  6.0992E+00  3.7604E+01
  3.2955E+04  5.4152E-01  4.0922E+00  6.0992E+00  3.7605E+01
  4.3433E+04  6.1366E-01  4.4138E+00  6.0992E+00  3.7605E+01
  5.7242E+04  6.9485E-01  4.6206E+00  6.0992E+00  3.7605E+01
  7.5443E+04  7.8028E-01  4.7493E+00  6.0992E+00  3.7605E+01
  9.9430E+04  8.7423E-01  4.8124E+00  6.0992E+00  3.7605E+01
  1.3104E+05  9.8956E-01  4.9130E+00  6.0992E+00  3.7605E+01
  1.7271E+05  1.0837E+00  4.9976E+00  6.0992E+00  3.7607E+01
  2.2763E+05  1.2044E+00  5.0646E+00  6.0993E+00  3.7610E+01
  3.0000E+05  1.2512E+00  5.0805E+00  6.0993E+00  3.7611E+01
 Density     Ross opa    Planck opa  No. Free    Av Sq Free  T=  1.0000E+01
  1.0000E+02  1.6101E-01  2.6795E-02  6.0537E+00  3.7101E+01
  1.3180E+02  1.6194E-01  3.5212E-02  6.0557E+00  3.7124E+01
  1.7370E+02  1.6307E-01  4.5679E-02  6.0571E+00  3.7140E+01
  2.2893E+02  1.6447E-01  5.8565E-02  6.0587E+00  3.7157E+01
  3.0172E+02  1.6617E-01  7.6435E-02  6.0609E+00  3.7181E+01
  3.9765E+02  1.6819E-01  9.7489E-02  6.0645E+00  3.7220E+01
  5.2409E+02  1.7047E-01  1.2323E-01  6.0715E+00  3.7294E+01
  6.9072E+02  1.7325E-01  1.5545E-01  6.0807E+00  3.7393E+01
  9.1034E+02  1.7664E-01  1.9771E-01  6.0929E+00  3.7522E+01
  1.1998E+03  1.8066E-01  2.4827E-01  6.0972E+00  3.7570E+01
  1.5813E+03  1.8550E-01  3.1257E-01  6.0978E+00  3.7581E+01
  2.0840E+03  1.9135E-01  3.9711E-01  6.0985E+00  3.7594E+01
  2.7467E+03  1.9833E-01  5.0185E-01  6.0992E+00  3.7608E+01
  3.6200E+03  2.0642E-01  6.0509E-01  6.0992E+00  3.7607E+01
  4.7710E+03  2.1626E-01  7.4021E-01  6.0992E+00  3.7607E+01
  6.2880E+03  2.2819E-01  9.1774E-01  6.0992E+00  3.7607E+01
  8.2873E+03  2.4240E-01  1.0976E+00  6.0992E+00  3.7606E+01
  1.0922E+04  2.5969E-01  1.3092E+00  6.0992E+00  3.7606E+01
  1.4395E+04  2.8084E-01  1.5852E+00  6.0992E+00  3.7606E+01
  1.8972E+04  3.0423E-01  1.8193E+00  6.0992E+00  3.7606E+01
  2.5004E+04  3.3243E-01  2.0863E+00  6.0992E+00  3.7605E+01
  3.2955E+04  3.6671E-01  2.4060E+00  6.0992E+00  3.7605E+01
  4.3433E+04  4.0445E-01  2.5956E+00  6.0992E+00  3.7605E+01
  5.7242E+04  4.5188E-01  2.8471E+00  6.0992E+00  3.7605E+01
  7.5443E+04  5.0275E-01  2.9712E+00  6.0992E+00  3.7605E+01
  9.9430E+04  5.6012E-01  3.0696E+00  6.0992E+00  3.7606E+01
  1.3104E+05  6.1828E-01  3.1475E+00  6.0993E+00  3.7608E+01
  1.7271E+05  6.9316E-01  3.2350E+00  6.0993E+00  3.7611E+01
  2.2763E+05  7.5434E-01  3.2839E+00  6.0993E+00  3.7611E+01
  3.0000E+05  8.2887E-01  3.3620E+00  6.0993E+00  3.7611E+01
 Density     Ross opa    Planck opa  No. Free    Av Sq Free  T=  1.5000E+01
  1.0000E+02  1.4327E-01  6.3323E-03  6.0554E+00  3.7119E+01
  1.3180E+02  1.4352E-01  8.3186E-03  6.0586E+00  3.7153E+01
  1.7370E+02  1.4384E-01  1.0937E-02  6.0627E+00  3.7198E+01
  2.2893E+02  1.4423E-01  1.4141E-02  6.0682E+00  3.7257E+01
  3.0172E+02  1.4471E-01  1.8409E-02  6.0693E+00  3.7270E+01
  3.9765E+02  1.4531E-01  2.3930E-02  6.0677E+00  3.7254E+01
  5.2409E+02  1.4606E-01  3.0749E-02  6.0656E+00  3.7232E+01
  6.9072E+02  1.4697E-01  4.0109E-02  6.0636E+00  3.7211E+01
  9.1034E+02  1.4804E-01  5.0340E-02  6.0702E+00  3.7281E+01
  1.1998E+03  1.4935E-01  6.4595E-02  6.0789E+00  3.7374E+01
  1.5813E+03  1.5096E-01  8.2451E-02  6.0903E+00  3.7496E+01
  2.0840E+03  1.5289E-01  1.0400E-01  6.0973E+00  3.7572E+01
  2.7467E+03  1.5522E-01  1.3036E-01  6.0978E+00  3.7581E+01
  3.6200E+03  1.5805E-01  1.6502E-01  6.0984E+00  3.7593E+01
  4.7710E+03  1.6150E-01  2.1062E-01  6.0993E+00  3.7609E+01
  6.2880E+03  1.6545E-01  2.5600E-01  6.0993E+00  3.7609E+01
  8.2873E+03  1.7026E-01  3.1244E-01  6.0993E+00  3.7608E+01
  1.0922E+04  1.7611E-01  3.8629E-01  6.0992E+00  3.7608E+01
  1.4395E+04  1.8305E-01  4.6635E-01  6.0992E+00  3.7607E+01
  1.8972E+04  1.9141E-01  5.5959E-01  6.0992E+00  3.7607E+01
  2.5004E+04  2.0161E-01  6.7531E-01  6.0992E+00  3.7607E+01
  3.2955E+04  2.1316E-01  7.9115E-01  6.0992E+00  3.7607E+01
  4.3433E+04  2.2666E-01  9.0399E-01  6.0992E+00  3.7607E+01
  5.7242E+04  2.4334E-01  1.0513E+00  6.0992E+00  3.7606E+01
  7.5443E+04  2.6121E-01  1.1446E+00  6.0992E+00  3.7606E+01
  9.9430E+04  2.8348E-01  1.2643E+00  6.0992E+00  3.7605E+01
  1.3104E+05  3.0747E-01  1.3300E+00  6.0993E+00  3.7608E+01
  1.7271E+05  3.3551E-01  1.4021E+00  6.0993E+00  3.7611E+01
  2.2763E+05  3.6152E-01  1.4466E+00  6.0993E+00  3.7611E+01
  3.0000E+05  3.9487E-01  1.4961E+00  6.0993E+00  3.7611E+01
 Density     Ross opa    Planck opa  No. Free    Av Sq Free  T=  2.5000E+01
  1.0000E+02  1.1987E-01  1.0075E-03  6.0365E+00  3.6912E+01
  1.3180E+02  1.1991E-01  1.3319E-03  6.0452E+00  3.7007E+01
  1.7370E+02  1.1996E-01  1.7594E-03  6.0566E+00  3.7133E+01
  2.2893E+02  1.2002E-01  2.3197E-03  6.0652E+00  3.7228E+01
  3.0172E+02  1.2011E-01  3.0550E-03  6.0699E+00  3.7279E+01
  3.9765E+02  1.2021E-01  4.0240E-03  6.0761E+00  3.7347E+01
  5.2409E+02  1.2035E-01  5.3011E-03  6.0843E+00  3.7436E+01
  6.9072E+02  1.2052E-01  6.7485E-03  6.0824E+00  3.7416E+01
  9.1034E+02  1.2073E-01  8.7752E-03  6.0788E+00  3.7377E+01
  1.1998E+03  1.2099E-01  1.1446E-02  6.0741E+00  3.7326E+01
  1.5813E+03  1.2133E-01  1.4634E-02  6.0716E+00  3.7299E+01
  2.0840E+03  1.2173E-01  1.8824E-02  6.0776E+00  3.7367E+01
  2.7467E+03  1.2224E-01  2.4034E-02  6.0856E+00  3.7457E+01
  3.6200E+03  1.2288E-01  3.1248E-02  6.0961E+00  3.7575E+01
  4.7710E+03  1.2365E-01  3.9165E-02  6.0993E+00  3.7610E+01
  6.2880E+03  1.2459E-01  4.9137E-02  6.0993E+00  3.7610E+01
  8.2873E+03  1.2577E-01  6.2262E-02  6.0993E+00  3.7610E+01
  1.0922E+04  1.2718E-01  7.8465E-02  6.0993E+00  3.7610E+01
  1.4395E+04  1.2884E-01  9.5500E-02  6.0993E+00  3.7609E+01
  1.8972E+04  1.3089E-01  1.1665E-01  6.0993E+00  3.7609E+01
  2.5004E+04  1.3340E-01  1.4564E-01  6.0993E+00  3.7609E+01
  3.2955E+04  1.3610E-01  1.7176E-01  6.0993E+00  3.7609E+01
  4.3433E+04  1.3937E-01  2.0387E-01  6.0993E+00  3.7608E+01
  5.7242E+04  1.4339E-01  2.4348E-01  6.0993E+00  3.7608E+01
  7.5443E+04  1.4849E-01  2.8470E-01  6.0993E+00  3.7607E+01
  9.9430E+04  1.5482E-01  3.3526E-01  6.0992E+00  3.7607E+01
  1.3104E+05  1.6231E-01  3.9136E-01  6.0992E+00  3.7607E+01
  1.7271E+05  1.7001E-01  4.2986E-01  6.0993E+00  3.7609E+01
  2.2763E+05  1.7955E-01  4.7564E-01  6.0993E+00  3.7611E+01
  3.0000E+05  1.8946E-01  5.0153E-01  6.0993E+00  3.7611E+01
 Density     Ross opa    Planck opa  No. Free    Av Sq Free  T=  4.0000E+01
  1.0000E+02  9.7784E-02  1.8862E-04  6.0556E+00  3.7117E+01
  1.3180E+02  9.7790E-02  2.4814E-04  6.0502E+00  3.7060E+01
  1.7370E+02  9.7799E-02  3.2770E-04  6.0508E+00  3.7068E+01
  2.2893E+02  9.7810E-02  4.3344E-04  6.0577E+00  3.7144E+01
  3.0172E+02  9.7824E-02  5.7280E-04  6.0668E+00  3.7244E+01
  3.9765E+02  9.7843E-02  7.5647E-04  6.0788E+00  3.7377E+01
  5.2409E+02  9.7866E-02  9.9471E-04  6.0802E+00  3.7393E+01
  6.9072E+02  9.7897E-02  1.3086E-03  6.0818E+00  3.7411E+01
  9.1034E+02  9.7937E-02  1.7224E-03  6.0839E+00  3.7436E+01
  1.1998E+03  9.7987E-02  2.2546E-03  6.0864E+00  3.7463E+01
  1.5813E+03  9.8050E-02  2.8779E-03  6.0890E+00  3.7492E+01
  2.0840E+03  9.8132E-02  3.7560E-03  6.0926E+00  3.7530E+01
  2.7467E+03  9.8236E-02  4.9133E-03  6.0972E+00  3.7581E+01
  3.6200E+03  9.8368E-02  6.2566E-03  6.0985E+00  3.7597E+01
  4.7710E+03  9.8536E-02  8.1130E-03  6.0988E+00  3.7600E+01
  6.2880E+03  9.8748E-02  1.0411E-02  6.0990E+00  3.7605E+01
  8.2873E+03  9.9014E-02  1.3506E-02  6.0993E+00  3.7611E+01
  1.0922E+04  9.9341E-02  1.6917E-02  6.0993E+00  3.7611E+01
  1.4395E+04  9.9753E-02  2.1412E-02  6.0993E+00  3.7610E+01
  1.8972E+04  1.0027E-01  2.7328E-02  6.0993E+00  3.7610E+01
  2.5004E+04  1.0088E-01  3.3495E-02  6.0993E+00  3.7610E+01
  3.2955E+04  1.0162E-01  4.0679E-02  6.0993E+00  3.7610E+01
  4.3433E+04  1.0256E-01  5.0112E-02  6.0993E+00  3.7610E+01
  5.7242E+04  1.0366E-01  6.0760E-02  6.0993E+00  3.7609E+01
  7.5443E+04  1.0491E-01  7.2310E-02  6.0993E+00  3.7609E+01
  9.9430E+04  1.0646E-01  8.5770E-02  6.0993E+00  3.7608E+01
  1.3104E+05  1.0840E-01  1.0302E-01  6.0993E+00  3.7608E+01
  1.7271E+05  1.1083E-01  1.2000E-01  6.0993E+00  3.7609E+01
  2.2763E+05  1.1386E-01  1.4214E-01  6.0993E+00  3.7611E+01
  3.0000E+05  1.1711E-01  1.6167E-01  6.0993E+00  3.7611E+01
 Density     Ross opa    Planck opa  No. Free    Av Sq Free  T=  6.0000E+01
  1.0000E+02  7.9827E-02  4.4793E-05  6.0640E+00  3.7212E+01
  1.3180E+02  7.9829E-02  5.9072E-05  6.0651E+00  3.7225E+01
  1.7370E+02  7.9830E-02  7.7893E-05  6.0666E+00  3.7241E+01
  2.2893E+02  7.9833E-02  1.0270E-04  6.0685E+00  3.7263E+01
  3.0172E+02  7.9835E-02  1.3555E-04  6.0715E+00  3.7297E+01
  3.9765E+02  7.9839E-02  1.7913E-04  6.0764E+00  3.7351E+01
  5.2409E+02  7.9844E-02  2.3656E-04  6.0829E+00  3.7423E+01
  6.9072E+02  7.9851E-02  3.1225E-04  6.0914E+00  3.7517E+01
  9.1034E+02  7.9859E-02  4.1026E-04  6.0925E+00  3.7529E+01
  1.1998E+03  7.9870E-02  5.3891E-04  6.0907E+00  3.7511E+01
  1.5813E+03  7.9884E-02  7.0846E-04  6.0884E+00  3.7487E+01
  2.0840E+03  7.9902E-02  9.3008E-04  6.0863E+00  3.7465E+01
  2.7467E+03  7.9926E-02  1.2118E-03  6.0887E+00  3.7491E+01
  3.6200E+03  7.9956E-02  1.5540E-03  6.0920E+00  3.7526E+01
  4.7710E+03  7.9996E-02  2.0355E-03  6.0962E+00  3.7571E+01
  6.2880E+03  8.0046E-02  2.6473E-03  6.0986E+00  3.7597E+01
  8.2873E+03  8.0111E-02  3.3803E-03  6.0987E+00  3.7600E+01
  1.0922E+04  8.0195E-02  4.4055E-03  6.0990E+00  3.7605E+01
  1.4395E+04  8.0302E-02  5.6717E-03  6.0993E+00  3.7611E+01
  1.8972E+04  8.0434E-02  7.2189E-03  6.0993E+00  3.7611E+01
  2.5004E+04  8.0602E-02  9.1429E-03  6.0993E+00  3.7611E+01
  3.2955E+04  8.0817E-02  1.1675E-02  6.0993E+00  3.7611E+01
  4.3433E+04  8.1080E-02  1.4536E-02  6.0993E+00  3.7610E+01
  5.7242E+04  8.1401E-02  1.7692E-02  6.0993E+00  3.7610E+01
  7.5443E+04  8.1809E-02  2.1844E-02  6.0993E+00  3.7610E+01
  9.9430E+04  8.2315E-02  2.7102E-02  6.0993E+00  3.7610E+01
  1.3104E+05  8.2861E-02  3.1525E-02  6.0993E+00  3.7610E+01
  1.7271E+05  8.3553E-02  3.7284E-02  6.0993E+00  3.7611E+01
  2.2763E+05  8.4425E-02  4.4721E-02  6.0993E+00  3.7611E+01
  3.0000E+05  8.5513E-02  5.2290E-02  6.0993E+00  3.7611E+01
 Density     Ross opa    Planck opa  No. Free    Av Sq Free  T=  1.0000E+02
  1.0000E+02  5.9372E-02  7.3820E-06  6.0847E+00  3.7445E+01
  1.3180E+02  5.9372E-02  9.7182E-06  6.0831E+00  3.7426E+01
  1.7370E+02  5.9372E-02  1.2797E-05  6.0811E+00  3.7402E+01
  2.2893E+02  5.9373E-02  1.6863E-05  6.0795E+00  3.7382E+01
  3.0172E+02  5.9373E-02  2.2249E-05  6.0811E+00  3.7401E+01
  3.9765E+02  5.9373E-02  2.9347E-05  6.0834E+00  3.7426E+01
  5.2409E+02  5.9374E-02  3.8703E-05  6.0863E+00  3.7459E+01
  6.9072E+02  5.9375E-02  5.1025E-05  6.0883E+00  3.7482E+01
  9.1034E+02  5.9376E-02  6.7261E-05  6.0897E+00  3.7498E+01
  1.1998E+03  5.9378E-02  8.8658E-05  6.0915E+00  3.7519E+01
  1.5813E+03  5.9380E-02  1.1685E-04  6.0938E+00  3.7545E+01
  2.0840E+03  5.9382E-02  1.5345E-04  6.0924E+00  3.7531E+01
  2.7467E+03  5.9386E-02  2.0169E-04  6.0906E+00  3.7512E+01
  3.6200E+03  5.9390E-02  2.6527E-04  6.0883E+00  3.7486E+01
  4.7710E+03  5.9396E-02  3.4789E-04  6.0873E+00  3.7477E+01
  6.2880E+03  5.9404E-02  4.5470E-04  6.0900E+00  3.7507E+01
  8.2873E+03  5.9413E-02  5.9547E-04  6.0935E+00  3.7546E+01
  1.0922E+04  5.9426E-02  7.6617E-04  6.0982E+00  3.7598E+01
  1.4395E+04  5.9443E-02  9.9695E-04  6.0993E+00  3.7610E+01
  1.8972E+04  5.9465E-02  1.2983E-03  6.0993E+00  3.7611E+01
  2.5004E+04  5.9493E-02  1.6685E-03  6.0993E+00  3.7611E+01
  3.2955E+04  5.9530E-02  2.1716E-03  6.0993E+00  3.7611E+01
  4.3433E+04  5.9576E-02  2.7391E-03  6.0993E+00  3.7611E+01
  5.7242E+04  5.9635E-02  3.5319E-03  6.0993E+00  3.7611E+01
  7.5443E+04  5.9712E-02  4.5225E-03  6.0993E+00  3.7611E+01
  9.9430E+04  5.9807E-02  5.5840E-03  6.0993E+00  3.7611E+01
  1.3104E+05  5.9927E-02  6.8600E-03  6.0993E+00  3.7611E+01
  1.7271E+05  6.0082E-02  8.5416E-03  6.0993E+00  3.7611E+01
  2.2763E+05  6.0269E-02  1.0494E-02  6.0993E+00  3.7611E+01
  3.0000E+05  6.0486E-02  1.2297E-02  6.0993E+00  3.7611E+01
