 Density     Ross opa    Planck opa  No. Free    Av Sq Free  T=  1.0000E-01
  1.0000E+02  7.2004E+03  1.2324E+04  4.7209E+00  2.3035E+01
  1.3180E+02  7.2004E+03  1.2324E+04  4.7209E+00  2.3035E+01
  1.7370E+02  7.2004E+03  1.2324E+04  4.7209E+00  2.3035E+01
  2.2893E+02  7.2004E+03  1.2324E+04  4.7209E+00  2.3035E+01
  3.0172E+02  7.2004E+03  1.2324E+04  4.7209E+00  2.3035E+01
  3.9765E+02  7.2004E+03  1.2324E+04  4.7209E+00  2.3035E+01
  5.2409E+02  7.2004E+03  1.2324E+04  4.7209E+00  2.3035E+01
  6.9072E+02  7.2004E+03  1.2324E+04  4.7209E+00  2.3035E+01
  9.1034E+02  7.2004E+03  1.2324E+04  4.7209E+00  2.3035E+01
  1.1998E+03  7.2004E+03  1.2324E+04  4.7209E+00  2.3035E+01
  1.5813E+03  7.2004E+03  1.2324E+04  4.7209E+00  2.3035E+01
  2.0840E+03  7.2004E+03  1.2324E+04  4.7209E+00  2.3035E+01
  2.7467E+03  7.2004E+03  1.2324E+04  4.7209E+00  2.3035E+01
  3.6200E+03  7.2004E+03  1.2324E+04  4.7209E+00  2.3035E+01
  4.7710E+03  7.2004E+03  1.2324E+04  4.7209E+00  2.3035E+01
  6.2880E+03  7.2004E+03  1.2324E+04  4.7209E+00  2.3035E+01
  8.2873E+03  7.2004E+03  1.2324E+04  4.7209E+00  2.3035E+01
  1.0922E+04  7.2004E+03  1.2324E+04  4.7209E+00  2.3035E+01
  1.4395E+04  7.2004E+03  1.2324E+04  4.7209E+00  2.3035E+01
  1.8972E+04  7.2004E+03  1.2324E+04  4.7209E+00  2.3035E+01
  2.5004E+04  7.2004E+03  1.2324E+04  4.7209E+00  2.3035E+01
  3.2955E+04  7.2004E+03  1.2324E+04  4.7209E+00  2.3035E+01
  4.3433E+04  7.2004E+03  1.2324E+04  4.7209E+00  2.3035E+01
  5.7242E+04  7.2004E+03  1.2324E+04  4.7209E+00  2.3035E+01
  7.5443E+04  7.2004E+03  1.2324E+04  4.7209E+00  2.3035E+01
  9.9430E+04  7.2004E+03  1.2324E+04  4.7209E+00  2.3035E+01
  1.3104E+05  7.2004E+03  1.2324E+04  4.7209E+00  2.3035E+01
  1.7271E+05  7.2004E+03  1.2324E+04  4.7209E+00  2.3035E+01
  2.2763E+05  7.2004E+03  1.2324E+04  4.7209E+00  2.3035E+01
  3.0000E+05  7.2004E+03  1.2324E+04  4.7209E+00  2.3035E+01
 Density     Ross opa    Planck opa  No. Free    Av Sq Free  T=  1.2500E-01
  1.0000E+02  5.0116E+03  1.0167E+04  4.8872E+00  2.4654E+01
  1.3180E+02  5.0116E+03  1.0167E+04  4.8872E+00  2.4654E+01
  1.7370E+02  5.0116E+03  1.0167E+04  4.8872E+00  2.4654E+01
  2.2893E+02  5.0116E+03  1.0167E+04  4.8872E+00  2.4654E+01
  3.0172E+02  5.0116E+03  1.0167E+04  4.8872E+00  2.4654E+01
  3.9765E+02  5.0116E+03  1.0167E+04  4.8872E+00  2.4654E+01
  5.2409E+02  5.0116E+03  1.0167E+04  4.8872E+00  2.4654E+01
  6.9072E+02  5.0116E+03  1.0167E+04  4.8872E+00  2.4654E+01
  9.1034E+02  5.0116E+03  1.0167E+04  4.8872E+00  2.4654E+01
  1.1998E+03  5.0116E+03  1.0167E+04  4.8872E+00  2.4654E+01
  1.5813E+03  5.0116E+03  1.0167E+04  4.8872E+00  2.4654E+01
  2.0840E+03  5.0116E+03  1.0167E+04  4.8872E+00  2.4654E+01
  2.7467E+03  5.0116E+03  1.0167E+04  4.8872E+00  2.4654E+01
  3.6200E+03  5.0116E+03  1.0167E+04  4.8872E+00  2.4654E+01
  4.7710E+03  5.0116E+03  1.0167E+04  4.8872E+00  2.4654E+01
  6.2880E+03  5.0116E+03  1.0167E+04  4.8872E+00  2.4654E+01
  8.2873E+03  5.0116E+03  1.0167E+04  4.8872E+00  2.4654E+01
  1.0922E+04  5.0116E+03  1.0167E+04  4.8872E+00  2.4654E+01
  1.4395E+04  5.0116E+03  1.0167E+04  4.8872E+00  2.4654E+01
  1.8972E+04  5.0116E+03  1.0167E+04  4.8872E+00  2.4654E+01
  2.5004E+04  5.0116E+03  1.0167E+04  4.8872E+00  2.4654E+01
  3.2955E+04  5.0116E+03  1.0167E+04  4.8872E+00  2.4654E+01
  4.3433E+04  5.0116E+03  1.0167E+04  4.8872E+00  2.4654E+01
  5.7242E+04  5.0116E+03  1.0167E+04  4.8872E+00  2.4654E+01
  7.5443E+04  5.0116E+03  1.0167E+04  4.8872E+00  2.4654E+01
  9.9430E+04  5.0116E+03  1.0167E+04  4.8872E+00  2.4654E+01
  1.3104E+05  5.0116E+03  1.0167E+04  4.8872E+00  2.4654E+01
  1.7271E+05  5.0116E+03  1.0167E+04  4.8872E+00  2.4654E+01
  2.2763E+05  5.0116E+03  1.0167E+04  4.8872E+00  2.4654E+01
  3.0000E+05  5.0116E+03  1.0167E+04  4.8872E+00  2.4654E+01
 Density     Ross opa    Planck opa  No. Free    Av Sq Free  T=  1.5000E-01
  1.0000E+02  3.2333E+03  8.4953E+03  5.0403E+00  2.6225E+01
  1.3180E+02  3.2333E+03  8.4953E+03  5.0403E+00  2.6225E+01
  1.7370E+02  3.2333E+03  8.4953E+03  5.0403E+00  2.6225E+01
  2.2893E+02  3.2333E+03  8.4953E+03  5.0403E+00  2.6225E+01
  3.0172E+02  3.2333E+03  8.4953E+03  5.0403E+00  2.6225E+01
  3.9765E+02  3.2333E+03  8.4953E+03  5.0403E+00  2.6225E+01
  5.2409E+02  3.2333E+03  8.4953E+03  5.0403E+00  2.6225E+01
  6.9072E+02  3.2333E+03  8.4953E+03  5.0403E+00  2.6225E+01
  9.1034E+02  3.2333E+03  8.4953E+03  5.0403E+00  2.6225E+01
  1.1998E+03  3.2333E+03  8.4953E+03  5.0403E+00  2.6225E+01
  1.5813E+03  3.2333E+03  8.4953E+03  5.0403E+00  2.6225E+01
  2.0840E+03  3.2333E+03  8.4953E+03  5.0403E+00  2.6225E+01
  2.7467E+03  3.2333E+03  8.4953E+03  5.0403E+00  2.6225E+01
  3.6200E+03  3.2333E+03  8.4953E+03  5.0403E+00  2.6225E+01
  4.7710E+03  3.2333E+03  8.4953E+03  5.0403E+00  2.6225E+01
  6.2880E+03  3.2333E+03  8.4953E+03  5.0403E+00  2.6225E+01
  8.2873E+03  3.2333E+03  8.4953E+03  5.0403E+00  2.6225E+01
  1.0922E+04  3.2333E+03  8.4953E+03  5.0403E+00  2.6225E+01
  1.4395E+04  3.2333E+03  8.4953E+03  5.0403E+00  2.6225E+01
  1.8972E+04  3.2333E+03  8.4953E+03  5.0403E+00  2.6225E+01
  2.5004E+04  3.2333E+03  8.4953E+03  5.0403E+00  2.6225E+01
  3.2955E+04  3.2333E+03  8.4953E+03  5.0403E+00  2.6225E+01
  4.3433E+04  3.2333E+03  8.4953E+03  5.0403E+00  2.6225E+01
  5.7242E+04  3.2333E+03  8.4953E+03  5.0403E+00  2.6225E+01
  7.5443E+04  3.2333E+03  8.4953E+03  5.0403E+00  2.6225E+01
  9.9430E+04  3.2333E+03  8.4953E+03  5.0403E+00  2.6225E+01
  1.3104E+05  3.2333E+03  8.4953E+03  5.0403E+00  2.6225E+01
  1.7271E+05  3.2333E+03  8.4953E+03  5.0403E+00  2.6225E+01
  2.2763E+05  3.2333E+03  8.4953E+03  5.0403E+00  2.6225E+01
  3.0000E+05  3.2333E+03  8.4953E+03  5.0403E+00  2.6225E+01
 Density     Ross opa    Planck opa  No. Free    Av Sq Free  T=  2.0000E-01
  1.0000E+02  1.4058E+03  5.5443E+03  5.2907E+00  2.8886E+01
  1.3180E+02  1.4058E+03  5.5443E+03  5.2907E+00  2.8886E+01
  1.7370E+02  1.4058E+03  5.5443E+03  5.2907E+00  2.8886E+01
  2.2893E+02  1.4058E+03  5.5443E+03  5.2907E+00  2.8886E+01
  3.0172E+02  1.4058E+03  5.5443E+03  5.2907E+00  2.8886E+01
  3.9765E+02  1.4058E+03  5.5443E+03  5.2907E+00  2.8886E+01
  5.2409E+02  1.4058E+03  5.5443E+03  5.2907E+00  2.8886E+01
  6.9072E+02  1.4058E+03  5.5443E+03  5.2907E+00  2.8886E+01
  9.1034E+02  1.4058E+03  5.5443E+03  5.2907E+00  2.8886E+01
  1.1998E+03  1.4058E+03  5.5443E+03  5.2907E+00  2.8886E+01
  1.5813E+03  1.4058E+03  5.5443E+03  5.2907E+00  2.8886E+01
  2.0840E+03  1.4058E+03  5.5443E+03  5.2907E+00  2.8886E+01
  2.7467E+03  1.4058E+03  5.5443E+03  5.2907E+00  2.8886E+01
  3.6200E+03  1.4058E+03  5.5443E+03  5.2907E+00  2.8886E+01
  4.7710E+03  1.4058E+03  5.5443E+03  5.2907E+00  2.8886E+01
  6.2880E+03  1.4058E+03  5.5443E+03  5.2907E+00  2.8886E+01
  8.2873E+03  1.4058E+03  5.5443E+03  5.2907E+00  2.8886E+01
  1.0922E+04  1.4058E+03  5.5443E+03  5.2907E+00  2.8886E+01
  1.4395E+04  1.4058E+03  5.5443E+03  5.2907E+00  2.8886E+01
  1.8972E+04  1.4058E+03  5.5443E+03  5.2907E+00  2.8886E+01
  2.5004E+04  1.4058E+03  5.5443E+03  5.2907E+00  2.8886E+01
  3.2955E+04  1.4058E+03  5.5443E+03  5.2907E+00  2.8886E+01
  4.3433E+04  1.4058E+03  5.5443E+03  5.2907E+00  2.8886E+01
  5.7242E+04  1.4058E+03  5.5443E+03  5.2907E+00  2.8886E+01
  7.5443E+04  1.4058E+03  5.5443E+03  5.2907E+00  2.8886E+01
  9.9430E+04  1.4058E+03  5.5443E+03  5.2907E+00  2.8886E+01
  1.3104E+05  1.4058E+03  5.5443E+03  5.2907E+00  2.8886E+01
  1.7271E+05  1.4058E+03  5.5443E+03  5.2907E+00  2.8886E+01
  2.2763E+05  1.4058E+03  5.5443E+03  5.2907E+00  2.8886E+01
  3.0000E+05  1.4058E+03  5.5443E+03  5.2907E+00  2.8886E+01
 Density     Ross opa    Planck opa  No. Free    Av Sq Free  T=  2.5000E-01
  1.0000E+02  6.9967E+02  3.7871E+03  5.4521E+00  3.0666E+01
  1.3180E+02  6.9967E+02  3.7871E+03  5.4521E+00  3.0666E+01
  1.7370E+02  6.9967E+02  3.7871E+03  5.4521E+00  3.0666E+01
  2.2893E+02  6.9967E+02  3.7871E+03  5.4521E+00  3.0666E+01
  3.0172E+02  6.9967E+02  3.7871E+03  5.4521E+00  3.0666E+01
  3.9765E+02  6.9967E+02  3.7871E+03  5.4521E+00  3.0666E+01
  5.2409E+02  6.9967E+02  3.7871E+03  5.4521E+00  3.0666E+01
  6.9072E+02  6.9967E+02  3.7871E+03  5.4521E+00  3.0666E+01
  9.1034E+02  6.9967E+02  3.7871E+03  5.4521E+00  3.0666E+01
  1.1998E+03  6.9967E+02  3.7871E+03  5.4521E+00  3.0666E+01
  1.5813E+03  6.9967E+02  3.7871E+03  5.4521E+00  3.0666E+01
  2.0840E+03  6.9967E+02  3.7871E+03  5.4521E+00  3.0666E+01
  2.7467E+03  6.9967E+02  3.7871E+03  5.4521E+00  3.0666E+01
  3.6200E+03  6.9967E+02  3.7871E+03  5.4521E+00  3.0666E+01
  4.7710E+03  6.9967E+02  3.7871E+03  5.4521E+00  3.0666E+01
  6.2880E+03  6.9967E+02  3.7871E+03  5.4521E+00  3.0666E+01
  8.2873E+03  6.9967E+02  3.7871E+03  5.4521E+00  3.0666E+01
  1.0922E+04  6.9967E+02  3.7871E+03  5.4521E+00  3.0666E+01
  1.4395E+04  6.9967E+02  3.7871E+03  5.4521E+00  3.0666E+01
  1.8972E+04  6.9967E+02  3.7871E+03  5.4521E+00  3.0666E+01
  2.5004E+04  6.9967E+02  3.7871E+03  5.4521E+00  3.0666E+01
  3.2955E+04  6.9967E+02  3.7871E+03  5.4521E+00  3.0666E+01
  4.3433E+04  6.9967E+02  3.7871E+03  5.4521E+00  3.0666E+01
  5.7242E+04  6.9967E+02  3.7871E+03  5.4521E+00  3.0666E+01
  7.5443E+04  6.9967E+02  3.7871E+03  5.4521E+00  3.0666E+01
  9.9430E+04  6.9967E+02  3.7871E+03  5.4521E+00  3.0666E+01
  1.3104E+05  6.9967E+02  3.7871E+03  5.4521E+00  3.0666E+01
  1.7271E+05  6.9967E+02  3.7871E+03  5.4521E+00  3.0666E+01
  2.2763E+05  6.9967E+02  3.7871E+03  5.4521E+00  3.0666E+01
  3.0000E+05  6.9967E+02  3.7871E+03  5.4521E+00  3.0666E+01
 Density     Ross opa    Planck opa  No. Free    Av Sq Free  T=  3.0000E-01
  1.0000E+02  3.8956E+02  2.6838E+03  5.5691E+00  3.2005E+01
  1.3180E+02  3.8956E+02  2.6838E+03  5.5691E+00  3.2005E+01
  1.7370E+02  3.8956E+02  2.6838E+03  5.5691E+00  3.2005E+01
  2.2893E+02  3.8956E+02  2.6838E+03  5.5691E+00  3.2005E+01
  3.0172E+02  3.8956E+02  2.6838E+03  5.5691E+00  3.2005E+01
  3.9765E+02  3.8956E+02  2.6838E+03  5.5691E+00  3.2005E+01
  5.2409E+02  3.8956E+02  2.6838E+03  5.5691E+00  3.2005E+01
  6.9072E+02  3.8956E+02  2.6838E+03  5.5691E+00  3.2005E+01
  9.1034E+02  3.8956E+02  2.6838E+03  5.5691E+00  3.2005E+01
  1.1998E+03  3.8956E+02  2.6838E+03  5.5691E+00  3.2005E+01
  1.5813E+03  3.8956E+02  2.6838E+03  5.5691E+00  3.2005E+01
  2.0840E+03  3.8956E+02  2.6838E+03  5.5691E+00  3.2005E+01
  2.7467E+03  3.8956E+02  2.6838E+03  5.5691E+00  3.2005E+01
  3.6200E+03  3.8956E+02  2.6838E+03  5.5691E+00  3.2005E+01
  4.7710E+03  3.8956E+02  2.6838E+03  5.5691E+00  3.2005E+01
  6.2880E+03  3.8956E+02  2.6838E+03  5.5691E+00  3.2005E+01
  8.2873E+03  3.8956E+02  2.6838E+03  5.5691E+00  3.2005E+01
  1.0922E+04  3.8956E+02  2.6838E+03  5.5691E+00  3.2005E+01
  1.4395E+04  3.8956E+02  2.6838E+03  5.5691E+00  3.2005E+01
  1.8972E+04  3.8956E+02  2.6838E+03  5.5691E+00  3.2005E+01
  2.5004E+04  3.8956E+02  2.6838E+03  5.5691E+00  3.2005E+01
  3.2955E+04  3.8956E+02  2.6838E+03  5.5691E+00  3.2005E+01
  4.3433E+04  3.8956E+02  2.6838E+03  5.5691E+00  3.2005E+01
  5.7242E+04  3.8956E+02  2.6838E+03  5.5691E+00  3.2005E+01
  7.5443E+04  3.8956E+02  2.6838E+03  5.5691E+00  3.2005E+01
  9.9430E+04  3.8956E+02  2.6838E+03  5.5691E+00  3.2005E+01
  1.3104E+05  3.8956E+02  2.6838E+03  5.5691E+00  3.2005E+01
  1.7271E+05  3.8956E+02  2.6838E+03  5.5691E+00  3.2005E+01
  2.2763E+05  3.8956E+02  2.6838E+03  5.5691E+00  3.2005E+01
  3.0000E+05  3.8956E+02  2.6838E+03  5.5691E+00  3.2005E+01
 Density     Ross opa    Planck opa  No. Free    Av Sq Free  T=  4.0000E-01
  1.0000E+02  1.5320E+02  1.4815E+03  5.7230E+00  3.3830E+01
  1.3180E+02  1.5320E+02  1.4815E+03  5.7230E+00  3.3830E+01
  1.7370E+02  1.5320E+02  1.4815E+03  5.7230E+00  3.3830E+01
  2.2893E+02  1.5320E+02  1.4815E+03  5.7230E+00  3.3830E+01
  3.0172E+02  1.5320E+02  1.4815E+03  5.7230E+00  3.3830E+01
  3.9765E+02  1.5320E+02  1.4815E+03  5.7230E+00  3.3830E+01
  5.2409E+02  1.5320E+02  1.4815E+03  5.7230E+00  3.3830E+01
  6.9072E+02  1.5320E+02  1.4815E+03  5.7230E+00  3.3830E+01
  9.1034E+02  1.5320E+02  1.4815E+03  5.7230E+00  3.3830E+01
  1.1998E+03  1.5320E+02  1.4815E+03  5.7230E+00  3.3830E+01
  1.5813E+03  1.5320E+02  1.4815E+03  5.7230E+00  3.3830E+01
  2.0840E+03  1.5320E+02  1.4815E+03  5.7230E+00  3.3830E+01
  2.7467E+03  1.5320E+02  1.4815E+03  5.7230E+00  3.3830E+01
  3.6200E+03  1.5320E+02  1.4815E+03  5.7230E+00  3.3830E+01
  4.7710E+03  1.5320E+02  1.4815E+03  5.7230E+00  3.3830E+01
  6.2880E+03  1.5320E+02  1.4815E+03  5.7230E+00  3.3830E+01
  8.2873E+03  1.5320E+02  1.4815E+03  5.7230E+00  3.3830E+01
  1.0922E+04  1.5320E+02  1.4815E+03  5.7230E+00  3.3830E+01
  1.4395E+04  1.5320E+02  1.4815E+03  5.7230E+00  3.3830E+01
  1.8972E+04  1.5320E+02  1.4815E+03  5.7230E+00  3.3830E+01
  2.5004E+04  1.5320E+02  1.4815E+03  5.7230E+00  3.3830E+01
  3.2955E+04  1.5320E+02  1.4815E+03  5.7230E+00  3.3830E+01
  4.3433E+04  1.5320E+02  1.4815E+03  5.7230E+00  3.3830E+01
  5.7242E+04  1.5320E+02  1.4815E+03  5.7230E+00  3.3830E+01
  7.5443E+04  1.5320E+02  1.4815E+03  5.7230E+00  3.3830E+01
  9.9430E+04  1.5320E+02  1.4815E+03  5.7230E+00  3.3830E+01
  1.3104E+05  1.5320E+02  1.4815E+03  5.7230E+00  3.3830E+01
  1.7271E+05  1.5320E+02  1.4815E+03  5.7230E+00  3.3830E+01
  2.2763E+05  1.5320E+02  1.4815E+03  5.7230E+00  3.3830E+01
  3.0000E+05  1.5320E+02  1.4815E+03  5.7230E+00  3.3830E+01
 Density     Ross opa    Planck opa  No. Free    Av Sq Free  T=  5.0000E-01
  1.0000E+02  7.9455E+01  9.3048E+02  5.7840E+00  3.4555E+01
  1.3180E+02  8.7919E+01  1.0019E+03  5.7355E+00  3.3940E+01
  1.7370E+02  9.9049E+01  1.0879E+03  5.6717E+00  3.3129E+01
  2.2893E+02  1.0579E+02  1.1422E+03  5.6330E+00  3.2638E+01
  3.0172E+02  1.0579E+02  1.1422E+03  5.6330E+00  3.2638E+01
  3.9765E+02  1.0579E+02  1.1422E+03  5.6330E+00  3.2638E+01
  5.2409E+02  1.0579E+02  1.1422E+03  5.6330E+00  3.2638E+01
  6.9072E+02  1.0579E+02  1.1422E+03  5.6330E+00  3.2638E+01
  9.1034E+02  1.0579E+02  1.1422E+03  5.6330E+00  3.2638E+01
  1.1998E+03  1.0579E+02  1.1422E+03  5.6330E+00  3.2638E+01
  1.5813E+03  1.0579E+02  1.1422E+03  5.6330E+00  3.2638E+01
  2.0840E+03  1.0579E+02  1.1422E+03  5.6330E+00  3.2638E+01
  2.7467E+03  1.0579E+02  1.1422E+03  5.6330E+00  3.2638E+01
  3.6200E+03  1.0579E+02  1.1422E+03  5.6330E+00  3.2638E+01
  4.7710E+03  1.0579E+02  1.1422E+03  5.6330E+00  3.2638E+01
  6.2880E+03  1.0579E+02  1.1422E+03  5.6330E+00  3.2638E+01
  8.2873E+03  1.0579E+02  1.1422E+03  5.6330E+00  3.2638E+01
  1.0922E+04  1.0579E+02  1.1422E+03  5.6330E+00  3.2638E+01
  1.4395E+04  1.0579E+02  1.1422E+03  5.6330E+00  3.2638E+01
  1.8972E+04  1.0579E+02  1.1422E+03  5.6330E+00  3.2638E+01
  2.5004E+04  1.0579E+02  1.1422E+03  5.6330E+00  3.2638E+01
  3.2955E+04  1.0579E+02  1.1422E+03  5.6330E+00  3.2638E+01
  4.3433E+04  1.0579E+02  1.1422E+03  5.6330E+00  3.2638E+01
  5.7242E+04  1.0579E+02  1.1422E+03  5.6330E+00  3.2638E+01
  7.5443E+04  1.0579E+02  1.1422E+03  5.6330E+00  3.2638E+01
  9.9430E+04  1.0579E+02  1.1422E+03  5.6330E+00  3.2638E+01
  1.3104E+05  1.0579E+02  1.1422E+03  5.6330E+00  3.2638E+01
  1.7271E+05  1.0579E+02  1.1422E+03  5.6330E+00  3.2638E+01
  2.2763E+05  1.0579E+02  1.1422E+03  5.6330E+00  3.2638E+01
  3.0000E+05  1.0579E+02  1.1422E+03  5.6330E+00  3.2638E+01
 Density     Ross opa    Planck opa  No. Free    Av Sq Free  T=  6.0000E-01
  1.0000E+02  4.0246E+01  5.5399E+02  5.8995E+00  3.5969E+01
  1.3180E+02  4.4977E+01  6.0261E+02  5.8837E+00  3.5700E+01
  1.7370E+02  4.9564E+01  6.3544E+02  5.9150E+00  3.5920E+01
  2.2893E+02  5.5597E+01  6.7500E+02  5.9561E+00  3.6209E+01
  3.0172E+02  5.7568E+01  6.9116E+02  5.9696E+00  3.6303E+01
  3.9765E+02  5.7568E+01  6.9116E+02  5.9696E+00  3.6303E+01
  5.2409E+02  5.7568E+01  6.9116E+02  5.9696E+00  3.6303E+01
  6.9072E+02  5.7568E+01  6.9116E+02  5.9696E+00  3.6303E+01
  9.1034E+02  5.7568E+01  6.9116E+02  5.9696E+00  3.6303E+01
  1.1998E+03  5.7568E+01  6.9116E+02  5.9696E+00  3.6303E+01
  1.5813E+03  5.7568E+01  6.9116E+02  5.9696E+00  3.6303E+01
  2.0840E+03  5.7568E+01  6.9116E+02  5.9696E+00  3.6303E+01
  2.7467E+03  5.7568E+01  6.9116E+02  5.9696E+00  3.6303E+01
  3.6200E+03  5.7568E+01  6.9116E+02  5.9696E+00  3.6303E+01
  4.7710E+03  5.7568E+01  6.9116E+02  5.9696E+00  3.6303E+01
  6.2880E+03  5.7568E+01  6.9116E+02  5.9696E+00  3.6303E+01
  8.2873E+03  5.7568E+01  6.9116E+02  5.9696E+00  3.6303E+01
  1.0922E+04  5.7568E+01  6.9116E+02  5.9696E+00  3.6303E+01
  1.4395E+04  5.7568E+01  6.9116E+02  5.9696E+00  3.6303E+01
  1.8972E+04  5.7568E+01  6.9116E+02  5.9696E+00  3.6303E+01
  2.5004E+04  5.7568E+01  6.9116E+02  5.9696E+00  3.6303E+01
  3.2955E+04  5.7568E+01  6.9116E+02  5.9696E+00  3.6303E+01
  4.3433E+04  5.7568E+01  6.9116E+02  5.9696E+00  3.6303E+01
  5.7242E+04  5.7568E+01  6.9116E+02  5.9696E+00  3.6303E+01
  7.5443E+04  5.7568E+01  6.9116E+02  5.9696E+00  3.6303E+01
  9.9430E+04  5.7568E+01  6.9116E+02  5.9696E+00  3.6303E+01
  1.3104E+05  5.7568E+01  6.9116E+02  5.9696E+00  3.6303E+01
  1.7271E+05  5.7568E+01  6.9116E+02  5.9696E+00  3.6303E+01
  2.2763E+05  5.7568E+01  6.9116E+02  5.9696E+00  3.6303E+01
  3.0000E+05  5.7568E+01  6.9116E+02  5.9696E+00  3.6303E+01
 Density     Ross opa    Planck opa  No. Free    Av Sq Free  T=  8.0000E-01
  1.0000E+02  1.2819E+01  2.1398E+02  6.1190E+00  3.8572E+01
  1.3180E+02  1.5302E+01  2.5210E+02  6.0399E+00  3.7623E+01
  1.7370E+02  1.8124E+01  2.9246E+02  5.9780E+00  3.6843E+01
  2.2893E+02  2.0116E+01  3.0678E+02  6.0605E+00  3.7645E+01
  3.0172E+02  2.2739E+01  3.2655E+02  6.1693E+00  3.8702E+01
  3.9765E+02  2.4925E+01  3.3989E+02  6.2602E+00  3.9585E+01
  5.2409E+02  2.4925E+01  3.3989E+02  6.2602E+00  3.9585E+01
  6.9072E+02  2.4925E+01  3.3989E+02  6.2602E+00  3.9585E+01
  9.1034E+02  2.4925E+01  3.3989E+02  6.2602E+00  3.9585E+01
  1.1998E+03  2.4925E+01  3.3989E+02  6.2602E+00  3.9585E+01
  1.5813E+03  2.4925E+01  3.3989E+02  6.2602E+00  3.9585E+01
  2.0840E+03  2.4925E+01  3.3989E+02  6.2602E+00  3.9585E+01
  2.7467E+03  2.4925E+01  3.3989E+02  6.2602E+00  3.9585E+01
  3.6200E+03  2.4925E+01  3.3989E+02  6.2602E+00  3.9585E+01
  4.7710E+03  2.4925E+01  3.3989E+02  6.2602E+00  3.9585E+01
  6.2880E+03  2.4925E+01  3.3989E+02  6.2602E+00  3.9585E+01
  8.2873E+03  2.4925E+01  3.3989E+02  6.2602E+00  3.9585E+01
  1.0922E+04  2.4925E+01  3.3989E+02  6.2602E+00  3.9585E+01
  1.4395E+04  2.4925E+01  3.3989E+02  6.2602E+00  3.9585E+01
  1.8972E+04  2.4925E+01  3.3989E+02  6.2602E+00  3.9585E+01
  2.5004E+04  2.4925E+01  3.3989E+02  6.2602E+00  3.9585E+01
  3.2955E+04  2.4925E+01  3.3989E+02  6.2602E+00  3.9585E+01
  4.3433E+04  2.4925E+01  3.3989E+02  6.2602E+00  3.9585E+01
  5.7242E+04  2.4925E+01  3.3989E+02  6.2602E+00  3.9585E+01
  7.5443E+04  2.4925E+01  3.3989E+02  6.2602E+00  3.9585E+01
  9.9430E+04  2.4925E+01  3.3989E+02  6.2602E+00  3.9585E+01
  1.3104E+05  2.4925E+01  3.3989E+02  6.2602E+00  3.9585E+01
  1.7271E+05  2.4925E+01  3.3989E+02  6.2602E+00  3.9585E+01
  2.2763E+05  2.4925E+01  3.3989E+02  6.2602E+00  3.9585E+01
  3.0000E+05  2.4925E+01  3.3989E+02  6.2602E+00  3.9585E+01
 Density     Ross opa    Planck opa  No. Free    Av Sq Free  T=  1.0000E+00
  1.0000E+02  5.6185E+00  1.0349E+02  6.2307E+00  3.9916E+01
  1.3180E+02  6.5095E+00  1.1863E+02  6.2071E+00  3.9583E+01
  1.7370E+02  7.6795E+00  1.3785E+02  6.1759E+00  3.9143E+01
  2.2893E+02  9.1419E+00  1.6164E+02  6.1446E+00  3.8681E+01
  3.0172E+02  1.0449E+01  1.7401E+02  6.1835E+00  3.9035E+01
  3.9765E+02  1.2168E+01  1.9128E+02  6.2346E+00  3.9503E+01
  5.2409E+02  1.4073E+01  2.1005E+02  6.2914E+00  4.0022E+01
  6.9072E+02  1.4073E+01  2.1005E+02  6.2914E+00  4.0022E+01
  9.1034E+02  1.4073E+01  2.1005E+02  6.2914E+00  4.0022E+01
  1.1998E+03  1.4073E+01  2.1005E+02  6.2914E+00  4.0022E+01
  1.5813E+03  1.4073E+01  2.1005E+02  6.2914E+00  4.0022E+01
  2.0840E+03  1.4073E+01  2.1005E+02  6.2914E+00  4.0022E+01
  2.7467E+03  1.4073E+01  2.1005E+02  6.2914E+00  4.0022E+01
  3.6200E+03  1.4073E+01  2.1005E+02  6.2914E+00  4.0022E+01
  4.7710E+03  1.4073E+01  2.1005E+02  6.2914E+00  4.0022E+01
  6.2880E+03  1.4073E+01  2.1005E+02  6.2914E+00  4.0022E+01
  8.2873E+03  1.4073E+01  2.1005E+02  6.2914E+00  4.0022E+01
  1.0922E+04  1.4073E+01  2.1005E+02  6.2914E+00  4.0022E+01
  1.4395E+04  1.4073E+01  2.1005E+02  6.2914E+00  4.0022E+01
  1.8972E+04  1.4073E+01  2.1005E+02  6.2914E+00  4.0022E+01
  2.5004E+04  1.4073E+01  2.1005E+02  6.2914E+00  4.0022E+01
  3.2955E+04  1.4073E+01  2.1005E+02  6.2914E+00  4.0022E+01
  4.3433E+04  1.4073E+01  2.1005E+02  6.2914E+00  4.0022E+01
  5.7242E+04  1.4073E+01  2.1005E+02  6.2914E+00  4.0022E+01
  7.5443E+04  1.4073E+01  2.1005E+02  6.2914E+00  4.0022E+01
  9.9430E+04  1.4073E+01  2.1005E+02  6.2914E+00  4.0022E+01
  1.3104E+05  1.4073E+01  2.1005E+02  6.2914E+00  4.0022E+01
  1.7271E+05  1.4073E+01  2.1005E+02  6.2914E+00  4.0022E+01
  2.2763E+05  1.4073E+01  2.1005E+02  6.2914E+00  4.0022E+01
  3.0000E+05  1.4073E+01  2.1005E+02  6.2914E+00  4.0022E+01
 Density     Ross opa    Planck opa  No. Free    Av Sq Free  T=  1.2500E+00
  1.0000E+02  2.6009E+00  4.8473E+01  6.2995E+00  4.0785E+01
  1.3180E+02  3.0715E+00  5.8453E+01  6.2685E+00  4.0383E+01
  1.7370E+02  3.4887E+00  6.5537E+01  6.2966E+00  4.0620E+01
  2.2893E+02  4.0350E+00  7.4831E+01  6.3335E+00  4.0932E+01
  3.0172E+02  4.7407E+00  8.6663E+01  6.3799E+00  4.1326E+01
  3.9765E+02  5.4367E+00  9.4848E+01  6.3899E+00  4.1460E+01
  5.2409E+02  6.3505E+00  1.0675E+02  6.4030E+00  4.1636E+01
  6.9072E+02  7.5475E+00  1.2091E+02  6.4202E+00  4.1867E+01
  9.1034E+02  7.5475E+00  1.2091E+02  6.4202E+00  4.1867E+01
  1.1998E+03  7.5475E+00  1.2091E+02  6.4202E+00  4.1867E+01
  1.5813E+03  7.5475E+00  1.2091E+02  6.4202E+00  4.1867E+01
  2.0840E+03  7.5475E+00  1.2091E+02  6.4202E+00  4.1867E+01
  2.7467E+03  7.5475E+00  1.2091E+02  6.4202E+00  4.1867E+01
  3.6200E+03  7.5475E+00  1.2091E+02  6.4202E+00  4.1867E+01
  4.7710E+03  7.5475E+00  1.2091E+02  6.4202E+00  4.1867E+01
  6.2880E+03  7.5475E+00  1.2091E+02  6.4202E+00  4.1867E+01
  8.2873E+03  7.5475E+00  1.2091E+02  6.4202E+00  4.1867E+01
  1.0922E+04  7.5475E+00  1.2091E+02  6.4202E+00  4.1867E+01
  1.4395E+04  7.5475E+00  1.2091E+02  6.4202E+00  4.1867E+01
  1.8972E+04  7.5475E+00  1.2091E+02  6.4202E+00  4.1867E+01
  2.5004E+04  7.5475E+00  1.2091E+02  6.4202E+00  4.1867E+01
  3.2955E+04  7.5475E+00  1.2091E+02  6.4202E+00  4.1867E+01
  4.3433E+04  7.5475E+00  1.2091E+02  6.4202E+00  4.1867E+01
  5.7242E+04  7.5475E+00  1.2091E+02  6.4202E+00  4.1867E+01
  7.5443E+04  7.5475E+00  1.2091E+02  6.4202E+00  4.1867E+01
  9.9430E+04  7.5475E+00  1.2091E+02  6.4202E+00  4.1867E+01
  1.3104E+05  7.5475E+00  1.2091E+02  6.4202E+00  4.1867E+01
  1.7271E+05  7.5475E+00  1.2091E+02  6.4202E+00  4.1867E+01
  2.2763E+05  7.5475E+00  1.2091E+02  6.4202E+00  4.1867E+01
  3.0000E+05  7.5475E+00  1.2091E+02  6.4202E+00  4.1867E+01
 Density     Ross opa    Planck opa  No. Free    Av Sq Free  T=  1.5000E+00
  1.0000E+02  1.4551E+00  2.5236E+01  6.3589E+00  4.1504E+01
  1.3180E+02  1.7227E+00  3.1507E+01  6.3148E+00  4.0967E+01
  1.7370E+02  2.0175E+00  3.8039E+01  6.2878E+00  4.0610E+01
  2.2893E+02  2.3027E+00  4.3115E+01  6.3130E+00  4.0819E+01
  3.0172E+02  2.6744E+00  4.9767E+01  6.3462E+00  4.1094E+01
  3.9765E+02  3.1480E+00  5.8183E+01  6.3885E+00  4.1456E+01
  5.2409E+02  3.5697E+00  6.3654E+01  6.4192E+00  4.1901E+01
  6.9072E+02  4.1220E+00  7.0612E+01  6.4598E+00  4.2489E+01
  9.1034E+02  4.7957E+00  7.9172E+01  6.5095E+00  4.3210E+01
  1.1998E+03  4.7957E+00  7.9172E+01  6.5095E+00  4.3210E+01
  1.5813E+03  4.7957E+00  7.9172E+01  6.5095E+00  4.3210E+01
  2.0840E+03  4.7957E+00  7.9172E+01  6.5095E+00  4.3210E+01
  2.7467E+03  4.7957E+00  7.9172E+01  6.5095E+00  4.3210E+01
  3.6200E+03  4.7957E+00  7.9172E+01  6.5095E+00  4.3210E+01
  4.7710E+03  4.7957E+00  7.9172E+01  6.5095E+00  4.3210E+01
  6.2880E+03  4.7957E+00  7.9172E+01  6.5095E+00  4.3210E+01
  8.2873E+03  4.7957E+00  7.9172E+01  6.5095E+00  4.3210E+01
  1.0922E+04  4.7957E+00  7.9172E+01  6.5095E+00  4.3210E+01
  1.4395E+04  4.7957E+00  7.9172E+01  6.5095E+00  4.3210E+01
  1.8972E+04  4.7957E+00  7.9172E+01  6.5095E+00  4.3210E+01
  2.5004E+04  4.7957E+00  7.9172E+01  6.5095E+00  4.3210E+01
  3.2955E+04  4.7957E+00  7.9172E+01  6.5095E+00  4.3210E+01
  4.3433E+04  4.7957E+00  7.9172E+01  6.5095E+00  4.3210E+01
  5.7242E+04  4.7957E+00  7.9172E+01  6.5095E+00  4.3210E+01
  7.5443E+04  4.7957E+00  7.9172E+01  6.5095E+00  4.3210E+01
  9.9430E+04  4.7957E+00  7.9172E+01  6.5095E+00  4.3210E+01
  1.3104E+05  4.7957E+00  7.9172E+01  6.5095E+00  4.3210E+01
  1.7271E+05  4.7957E+00  7.9172E+01  6.5095E+00  4.3210E+01
  2.2763E+05  4.7957E+00  7.9172E+01  6.5095E+00  4.3210E+01
  3.0000E+05  4.7957E+00  7.9172E+01  6.5095E+00  4.3210E+01
 Density     Ross opa    Planck opa  No. Free    Av Sq Free  T=  2.0000E+00
  1.0000E+02  6.9333E-01  9.1114E+00  6.4269E+00  4.2324E+01
  1.3180E+02  7.7025E-01  1.0890E+01  6.4343E+00  4.2372E+01
  1.7370E+02  8.6824E-01  1.3132E+01  6.4442E+00  4.2434E+01
  2.2893E+02  9.9322E-01  1.6042E+01  6.4572E+00  4.2516E+01
  3.0172E+02  1.1399E+00  1.9016E+01  6.4516E+00  4.2411E+01
  3.9765E+02  1.3268E+00  2.2675E+01  6.4416E+00  4.2249E+01
  5.2409E+02  1.5672E+00  2.7470E+01  6.4285E+00  4.2035E+01
  6.9072E+02  1.8306E+00  3.2117E+01  6.4319E+00  4.2075E+01
  9.1034E+02  2.1231E+00  3.6314E+01  6.4584E+00  4.2468E+01
  1.1998E+03  2.5035E+00  4.1661E+01  6.4933E+00  4.2986E+01
  1.5813E+03  2.7346E+00  4.5120E+01  6.5147E+00  4.3304E+01
  2.0840E+03  2.7346E+00  4.5120E+01  6.5147E+00  4.3304E+01
  2.7467E+03  2.7346E+00  4.5120E+01  6.5147E+00  4.3304E+01
  3.6200E+03  2.7346E+00  4.5120E+01  6.5147E+00  4.3304E+01
  4.7710E+03  2.7346E+00  4.5120E+01  6.5147E+00  4.3304E+01
  6.2880E+03  2.7346E+00  4.5120E+01  6.5147E+00  4.3304E+01
  8.2873E+03  2.7346E+00  4.5120E+01  6.5147E+00  4.3304E+01
  1.0922E+04  2.7346E+00  4.5120E+01  6.5147E+00  4.3304E+01
  1.4395E+04  2.7346E+00  4.5120E+01  6.5147E+00  4.3304E+01
  1.8972E+04  2.7346E+00  4.5120E+01  6.5147E+00  4.3304E+01
  2.5004E+04  2.7346E+00  4.5120E+01  6.5147E+00  4.3304E+01
  3.2955E+04  2.7346E+00  4.5120E+01  6.5147E+00  4.3304E+01
  4.3433E+04  2.7346E+00  4.5120E+01  6.5147E+00  4.3304E+01
  5.7242E+04  2.7346E+00  4.5120E+01  6.5147E+00  4.3304E+01
  7.5443E+04  2.7346E+00  4.5120E+01  6.5147E+00  4.3304E+01
  9.9430E+04  2.7346E+00  4.5120E+01  6.5147E+00  4.3304E+01
  1.3104E+05  2.7346E+00  4.5120E+01  6.5147E+00  4.3304E+01
  1.7271E+05  2.7346E+00  4.5120E+01  6.5147E+00  4.3304E+01
  2.2763E+05  2.7346E+00  4.5120E+01  6.5147E+00  4.3304E+01
  3.0000E+05  2.7346E+00  4.5120E+01  6.5147E+00  4.3304E+01
 Density     Ross opa    Planck opa  No. Free    Av Sq Free  T=  2.5000E+00
  1.0000E+02  4.4555E-01  4.1879E+00  6.4470E+00  4.2588E+01
  1.3180E+02  4.9551E-01  5.2819E+00  6.4293E+00  4.2367E+01
  1.7370E+02  5.4357E-01  6.3428E+00  6.4372E+00  4.2422E+01
  2.2893E+02  6.0411E-01  7.6736E+00  6.4477E+00  4.2495E+01
  3.0172E+02  6.8045E-01  9.4065E+00  6.4614E+00  4.2592E+01
  3.9765E+02  7.6055E-01  1.1064E+01  6.4737E+00  4.2732E+01
  5.2409E+02  8.5480E-01  1.2963E+01  6.4870E+00  4.2924E+01
  6.9072E+02  9.7515E-01  1.5348E+01  6.5045E+00  4.3177E+01
  9.1034E+02  1.1286E+00  1.8190E+01  6.5194E+00  4.3395E+01
  1.1998E+03  1.3244E+00  2.1204E+01  6.5221E+00  4.3447E+01
  1.5813E+03  1.5765E+00  2.5213E+01  6.5258E+00  4.3516E+01
  2.0840E+03  1.8921E+00  2.9605E+01  6.5290E+00  4.3577E+01
  2.7467E+03  2.2754E+00  3.3575E+01  6.5291E+00  4.3579E+01
  3.6200E+03  2.7738E+00  3.8398E+01  6.5291E+00  4.3581E+01
  4.7710E+03  3.3487E+00  4.2131E+01  6.5291E+00  4.3581E+01
  6.2880E+03  4.0598E+00  4.5515E+01  6.5291E+00  4.3581E+01
  8.2873E+03  4.4320E+00  4.7279E+01  6.5291E+00  4.3581E+01
  1.0922E+04  4.4320E+00  4.7279E+01  6.5291E+00  4.3581E+01
  1.4395E+04  4.4320E+00  4.7279E+01  6.5291E+00  4.3581E+01
  1.8972E+04  4.4320E+00  4.7279E+01  6.5291E+00  4.3581E+01
  2.5004E+04  4.4320E+00  4.7279E+01  6.5291E+00  4.3581E+01
  3.2955E+04  4.4320E+00  4.7279E+01  6.5291E+00  4.3581E+01
  4.3433E+04  4.4320E+00  4.7279E+01  6.5291E+00  4.3581E+01
  5.7242E+04  4.4320E+00  4.7279E+01  6.5291E+00  4.3581E+01
  7.5443E+04  4.4320E+00  4.7279E+01  6.5291E+00  4.3581E+01
  9.9430E+04  4.4320E+00  4.7279E+01  6.5291E+00  4.3581E+01
  1.3104E+05  4.4320E+00  4.7279E+01  6.5291E+00  4.3581E+01
  1.7271E+05  4.4320E+00  4.7279E+01  6.5291E+00  4.3581E+01
  2.2763E+05  4.4320E+00  4.7279E+01  6.5291E+00  4.3581E+01
  3.0000E+05  4.4320E+00  4.7279E+01  6.5291E+00  4.3581E+01
 Density     Ross opa    Planck opa  No. Free    Av Sq Free  T=  3.0000E+00
  1.0000E+02  3.3610E-01  2.2137E+00  6.4668E+00  4.2832E+01
  1.3180E+02  3.6594E-01  2.8268E+00  6.4485E+00  4.2610E+01
  1.7370E+02  4.0064E-01  3.5709E+00  6.4314E+00  4.2396E+01
  2.2893E+02  4.3567E-01  4.2594E+00  6.4394E+00  4.2452E+01
  3.0172E+02  4.7941E-01  5.2051E+00  6.4498E+00  4.2527E+01
  3.9765E+02  5.3405E-01  6.3910E+00  6.4636E+00  4.2625E+01
  5.2409E+02  5.9258E-01  7.5597E+00  6.4756E+00  4.2763E+01
  6.9072E+02  6.6206E-01  8.9270E+00  6.4885E+00  4.2949E+01
  9.1034E+02  7.5002E-01  1.0647E+01  6.5056E+00  4.3195E+01
  1.1998E+03  8.6036E-01  1.2677E+01  6.5198E+00  4.3404E+01
  1.5813E+03  9.9859E-01  1.4914E+01  6.5225E+00  4.3455E+01
  2.0840E+03  1.1753E+00  1.7744E+01  6.5260E+00  4.3522E+01
  2.7467E+03  1.3947E+00  2.0829E+01  6.5291E+00  4.3581E+01
  3.6200E+03  1.6592E+00  2.3600E+01  6.5291E+00  4.3581E+01
  4.7710E+03  2.0016E+00  2.7128E+01  6.5291E+00  4.3582E+01
  6.2880E+03  2.3952E+00  2.9713E+01  6.5291E+00  4.3581E+01
  8.2873E+03  2.8819E+00  3.2050E+01  6.5291E+00  4.3581E+01
  1.0922E+04  3.4508E+00  3.3721E+01  6.5292E+00  4.3582E+01
  1.4395E+04  4.1369E+00  3.4587E+01  6.5292E+00  4.3584E+01
  1.8972E+04  4.2175E+00  3.4739E+01  6.5293E+00  4.3584E+01
  2.5004E+04  4.2175E+00  3.4739E+01  6.5293E+00  4.3584E+01
  3.2955E+04  4.2175E+00  3.4739E+01  6.5293E+00  4.3584E+01
  4.3433E+04  4.2175E+00  3.4739E+01  6.5293E+00  4.3584E+01
  5.7242E+04  4.2175E+00  3.4739E+01  6.5293E+00  4.3584E+01
  7.5443E+04  4.2175E+00  3.4739E+01  6.5293E+00  4.3584E+01
  9.9430E+04  4.2175E+00  3.4739E+01  6.5293E+00  4.3584E+01
  1.3104E+05  4.2175E+00  3.4739E+01  6.5293E+00  4.3584E+01
  1.7271E+05  4.2175E+00  3.4739E+01  6.5293E+00  4.3584E+01
  2.2763E+05  4.2175E+00  3.4739E+01  6.5293E+00  4.3584E+01
  3.0000E+05  4.2175E+00  3.4739E+01  6.5293E+00  4.3584E+01
 Density     Ross opa    Planck opa  No. Free    Av Sq Free  T=  4.0000E+00
  1.0000E+02  2.4818E-01  7.9577E-01  6.4883E+00  4.3094E+01
  1.3180E+02  2.6113E-01  1.0176E+00  6.4767E+00  4.2954E+01
  1.7370E+02  2.7684E-01  1.2978E+00  6.4614E+00  4.2770E+01
  2.2893E+02  2.9588E-01  1.6642E+00  6.4413E+00  4.2527E+01
  3.0172E+02  3.1551E-01  2.0348E+00  6.4403E+00  4.2500E+01
  3.9765E+02  3.3762E-01  2.4328E+00  6.4549E+00  4.2648E+01
  5.2409E+02  3.6495E-01  2.9823E+00  6.4742E+00  4.2842E+01
  6.9072E+02  3.9826E-01  3.6405E+00  6.4959E+00  4.3067E+01
  9.1034E+02  4.3703E-01  4.3326E+00  6.5028E+00  4.3172E+01
  1.1998E+03  4.8531E-01  5.2466E+00  6.5120E+00  4.3311E+01
  1.5813E+03  5.4552E-01  6.3980E+00  6.5241E+00  4.3494E+01
  2.0840E+03  6.1841E-01  7.5724E+00  6.5272E+00  4.3544E+01
  2.7467E+03  7.0962E-01  9.0303E+00  6.5279E+00  4.3559E+01
  3.6200E+03  8.2493E-01  1.0875E+01  6.5289E+00  4.3578E+01
  4.7710E+03  9.5856E-01  1.2437E+01  6.5292E+00  4.3584E+01
  6.2880E+03  1.1248E+00  1.4196E+01  6.5292E+00  4.3583E+01
  8.2873E+03  1.3336E+00  1.6252E+01  6.5292E+00  4.3582E+01
  1.0922E+04  1.5667E+00  1.7428E+01  6.5292E+00  4.3583E+01
  1.4395E+04  1.8682E+00  1.8933E+01  6.5293E+00  4.3585E+01
  1.8972E+04  2.1959E+00  1.9461E+01  6.5293E+00  4.3586E+01
  2.5004E+04  2.5770E+00  1.9936E+01  6.5293E+00  4.3586E+01
  3.2955E+04  2.9699E+00  1.9888E+01  6.5293E+00  4.3586E+01
  4.3433E+04  3.4788E+00  1.9880E+01  6.5293E+00  4.3587E+01
  5.7242E+04  3.5515E+00  1.9987E+01  6.5293E+00  4.3587E+01
  7.5443E+04  3.5515E+00  1.9987E+01  6.5293E+00  4.3587E+01
  9.9430E+04  3.5515E+00  1.9987E+01  6.5293E+00  4.3587E+01
  1.3104E+05  3.5515E+00  1.9987E+01  6.5293E+00  4.3587E+01
  1.7271E+05  3.5515E+00  1.9987E+01  6.5293E+00  4.3587E+01
  2.2763E+05  3.5515E+00  1.9987E+01  6.5293E+00  4.3587E+01
  3.0000E+05  3.5515E+00  1.9987E+01  6.5293E+00  4.3587E+01
 Density     Ross opa    Planck opa  No. Free    Av Sq Free  T=  5.0000E+00
  1.0000E+02  2.1157E-01  3.5603E-01  6.4829E+00  4.3035E+01
  1.3180E+02  2.1903E-01  4.6392E-01  6.4912E+00  4.3130E+01
  1.7370E+02  2.2734E-01  5.8418E-01  6.4829E+00  4.3026E+01
  2.2893E+02  2.3739E-01  7.4187E-01  6.4719E+00  4.2890E+01
  3.0172E+02  2.4955E-01  9.4817E-01  6.4574E+00  4.2710E+01
  3.9765E+02  2.6267E-01  1.1790E+00  6.4538E+00  4.2661E+01
  5.2409E+02  2.7656E-01  1.4269E+00  6.4710E+00  4.2865E+01
  6.9072E+02  2.9362E-01  1.7533E+00  6.4937E+00  4.3134E+01
  9.1034E+02  3.1456E-01  2.1616E+00  6.5237E+00  4.3489E+01
  1.1998E+03  3.4118E-01  2.5928E+00  6.5257E+00  4.3518E+01
  1.5813E+03  3.7393E-01  3.1577E+00  6.5269E+00  4.3541E+01
  2.0840E+03  4.1428E-01  3.9016E+00  6.5285E+00  4.3570E+01
  2.7467E+03  4.6211E-01  4.6741E+00  6.5292E+00  4.3585E+01
  3.6200E+03  5.2025E-01  5.5601E+00  6.5292E+00  4.3585E+01
  4.7710E+03  5.9300E-01  6.6760E+00  6.5292E+00  4.3585E+01
  6.2880E+03  6.7839E-01  7.7983E+00  6.5292E+00  4.3584E+01
  8.2873E+03  7.8072E-01  8.8545E+00  6.5292E+00  4.3584E+01
  1.0922E+04  9.1114E-01  1.0261E+01  6.5292E+00  4.3583E+01
  1.4395E+04  1.0550E+00  1.1113E+01  6.5292E+00  4.3583E+01
  1.8972E+04  1.2378E+00  1.2012E+01  6.5293E+00  4.3585E+01
  2.5004E+04  1.4426E+00  1.2552E+01  6.5293E+00  4.3585E+01
  3.2955E+04  1.6890E+00  1.3005E+01  6.5293E+00  4.3586E+01
  4.3433E+04  1.9250E+00  1.3041E+01  6.5293E+00  4.3587E+01
  5.7242E+04  2.2307E+00  1.3092E+01  6.5293E+00  4.3587E+01
  7.5443E+04  2.3515E+00  1.3103E+01  6.5293E+00  4.3587E+01
  9.9430E+04  2.3515E+00  1.3103E+01  6.5293E+00  4.3587E+01
  1.3104E+05  2.3515E+00  1.3103E+01  6.5293E+00  4.3587E+01
  1.7271E+05  2.3515E+00  1.3103E+01  6.5293E+00  4.3587E+01
  2.2763E+05  2.3515E+00  1.3103E+01  6.5293E+00  4.3587E+01
  3.0000E+05  2.3515E+00  1.3103E+01  6.5293E+00  4.3587E+01
 Density     Ross opa    Planck opa  No. Free    Av Sq Free  T=  6.0000E+00
  1.0000E+02  1.9319E-01  1.8552E-01  6.4788E+00  4.2987E+01
  1.3180E+02  1.9771E-01  2.4147E-01  6.4847E+00  4.3056E+01
  1.7370E+02  2.0313E-01  3.1092E-01  6.4921E+00  4.3140E+01
  2.2893E+02  2.0891E-01  3.8765E-01  6.4941E+00  4.3151E+01
  3.0172E+02  2.1593E-01  4.9347E-01  6.4968E+00  4.3165E+01
  3.9765E+02  2.2443E-01  6.2657E-01  6.5003E+00  4.3183E+01
  5.2409E+02  2.3411E-01  7.8190E-01  6.5045E+00  4.3221E+01
  6.9072E+02  2.4518E-01  9.6318E-01  6.5095E+00  4.3290E+01
  9.1034E+02  2.5867E-01  1.1905E+00  6.5161E+00  4.3381E+01
  1.1998E+03  2.7507E-01  1.5013E+00  6.5247E+00  4.3501E+01
  1.5813E+03  2.9501E-01  1.8036E+00  6.5258E+00  4.3521E+01
  2.0840E+03  3.1939E-01  2.1991E+00  6.5270E+00  4.3544E+01
  2.7467E+03  3.4925E-01  2.7199E+00  6.5286E+00  4.3573E+01
  3.6200E+03  3.8419E-01  3.2579E+00  6.5293E+00  4.3587E+01
  4.7710E+03  4.2625E-01  3.8745E+00  6.5293E+00  4.3586E+01
  6.2880E+03  4.7855E-01  4.6848E+00  6.5293E+00  4.3586E+01
  8.2873E+03  5.3960E-01  5.4643E+00  6.5293E+00  4.3585E+01
  1.0922E+04  6.1256E-01  6.2023E+00  6.5293E+00  4.3585E+01
  1.4395E+04  7.0494E-01  7.1797E+00  6.5293E+00  4.3586E+01
  1.8972E+04  8.0633E-01  7.7691E+00  6.5293E+00  4.3586E+01
  2.5004E+04  9.3486E-01  8.4514E+00  6.5293E+00  4.3587E+01
  3.2955E+04  1.0781E+00  8.8243E+00  6.5293E+00  4.3587E+01
  4.3433E+04  1.2496E+00  9.1426E+00  6.5293E+00  4.3587E+01
  5.7242E+04  1.4135E+00  9.1781E+00  6.5293E+00  4.3587E+01
  7.5443E+04  1.6261E+00  9.2866E+00  6.5293E+00  4.3587E+01
  9.9430E+04  1.8247E+00  9.3459E+00  6.5294E+00  4.3589E+01
  1.3104E+05  2.0403E+00  9.4512E+00  6.5294E+00  4.3591E+01
  1.7271E+05  2.2447E+00  9.4753E+00  6.5295E+00  4.3594E+01
  2.2763E+05  2.2447E+00  9.4753E+00  6.5295E+00  4.3594E+01
  3.0000E+05  2.2447E+00  9.4753E+00  6.5295E+00  4.3594E+01
 Density     Ross opa    Planck opa  No. Free    Av Sq Free  T=  8.0000E+00
  1.0000E+02  1.7297E-01  6.6960E-02  6.4766E+00  4.2951E+01
  1.3180E+02  1.7495E-01  8.6693E-02  6.4798E+00  4.2989E+01
  1.7370E+02  1.7738E-01  1.1134E-01  6.4838E+00  4.3040E+01
  2.2893E+02  1.8033E-01  1.4530E-01  6.4892E+00  4.3107E+01
  3.0172E+02  1.8371E-01  1.8431E-01  6.4937E+00  4.3155E+01
  3.9765E+02  1.8761E-01  2.3152E-01  6.4966E+00  4.3174E+01
  5.2409E+02  1.9235E-01  2.9668E-01  6.5005E+00  4.3198E+01
  6.9072E+02  1.9809E-01  3.7861E-01  6.5055E+00  4.3231E+01
  9.1034E+02  2.0434E-01  4.6763E-01  6.5101E+00  4.3297E+01
  1.1998E+03  2.1189E-01  5.8295E-01  6.5160E+00  4.3386E+01
  1.5813E+03  2.2104E-01  7.2768E-01  6.5237E+00  4.3503E+01
  2.0840E+03  2.3223E-01  9.0494E-01  6.5293E+00  4.3588E+01
  2.7467E+03  2.4599E-01  1.0955E+00  6.5293E+00  4.3588E+01
  3.6200E+03  2.6271E-01  1.3461E+00  6.5293E+00  4.3589E+01
  4.7710E+03  2.8295E-01  1.6710E+00  6.5293E+00  4.3589E+01
  6.2880E+03  3.0567E-01  1.9687E+00  6.5293E+00  4.3588E+01
  8.2873E+03  3.3365E-01  2.3574E+00  6.5293E+00  4.3587E+01
  1.0922E+04  3.6815E-01  2.8679E+00  6.5293E+00  4.3586E+01
  1.4395E+04  4.0637E-01  3.2504E+00  6.5293E+00  4.3586E+01
  1.8972E+04  4.5413E-01  3.7174E+00  6.5293E+00  4.3586E+01
  2.5004E+04  5.1072E-01  4.2045E+00  6.5293E+00  4.3587E+01
  3.2955E+04  5.7573E-01  4.5556E+00  6.5293E+00  4.3587E+01
  4.3433E+04  6.5490E-01  4.9170E+00  6.5293E+00  4.3587E+01
  5.7242E+04  7.4408E-01  5.1439E+00  6.5293E+00  4.3587E+01
  7.5443E+04  8.3830E-01  5.2818E+00  6.5293E+00  4.3587E+01
  9.9430E+04  9.4238E-01  5.3450E+00  6.5293E+00  4.3587E+01
  1.3104E+05  1.0703E+00  5.4478E+00  6.5293E+00  4.3587E+01
  1.7271E+05  1.1762E+00  5.5328E+00  6.5294E+00  4.3590E+01
  2.2763E+05  1.3119E+00  5.5975E+00  6.5295E+00  4.3593E+01
  3.0000E+05  1.3643E+00  5.6108E+00  6.5295E+00  4.3594E+01
 Density     Ross opa    Planck opa  No. Free    Av Sq Free  T=  1.0000E+01
  1.0000E+02  1.6147E-01  2.9795E-02  6.4809E+00  4.3000E+01
  1.3180E+02  1.6249E-01  3.9118E-02  6.4811E+00  4.2999E+01
  1.7370E+02  1.6374E-01  5.0738E-02  6.4831E+00  4.3024E+01
  2.2893E+02  1.6528E-01  6.5088E-02  6.4859E+00  4.3060E+01
  3.0172E+02  1.6715E-01  8.4941E-02  6.4895E+00  4.3108E+01
  3.9765E+02  1.6937E-01  1.0845E-01  6.4938E+00  4.3161E+01
  5.2409E+02  1.7188E-01  1.3741E-01  6.4979E+00  4.3199E+01
  6.9072E+02  1.7494E-01  1.7367E-01  6.5034E+00  4.3249E+01
  9.1034E+02  1.7865E-01  2.2120E-01  6.5105E+00  4.3315E+01
  1.1998E+03  1.8295E-01  2.7680E-01  6.5152E+00  4.3372E+01
  1.5813E+03  1.8809E-01  3.4686E-01  6.5190E+00  4.3431E+01
  2.0840E+03  1.9431E-01  4.3896E-01  6.5242E+00  4.3510E+01
  2.7467E+03  2.0180E-01  5.5329E-01  6.5294E+00  4.3590E+01
  3.6200E+03  2.1069E-01  6.6759E-01  6.5294E+00  4.3590E+01
  4.7710E+03  2.2149E-01  8.1755E-01  6.5294E+00  4.3590E+01
  6.2880E+03  2.3461E-01  1.0148E+00  6.5294E+00  4.3589E+01
  8.2873E+03  2.4993E-01  1.2144E+00  6.5294E+00  4.3589E+01
  1.0922E+04  2.6856E-01  1.4497E+00  6.5294E+00  4.3589E+01
  1.4395E+04  2.9137E-01  1.7575E+00  6.5293E+00  4.3588E+01
  1.8972E+04  3.1676E-01  2.0187E+00  6.5293E+00  4.3588E+01
  2.5004E+04  3.4747E-01  2.3168E+00  6.5294E+00  4.3588E+01
  3.2955E+04  3.8485E-01  2.6747E+00  6.5294E+00  4.3588E+01
  4.3433E+04  4.2602E-01  2.8871E+00  6.5294E+00  4.3588E+01
  5.7242E+04  4.7783E-01  3.1683E+00  6.5294E+00  4.3588E+01
  7.5443E+04  5.3349E-01  3.3043E+00  6.5294E+00  4.3588E+01
  9.9430E+04  5.9643E-01  3.4109E+00  6.5294E+00  4.3588E+01
  1.3104E+05  6.6066E-01  3.4921E+00  6.5294E+00  4.3590E+01
  1.7271E+05  7.4341E-01  3.5832E+00  6.5295E+00  4.3594E+01
  2.2763E+05  8.1186E-01  3.6321E+00  6.5295E+00  4.3594E+01
  3.0000E+05  8.9551E-01  3.7115E+00  6.5295E+00  4.3594E+01
 Density     Ross opa    Planck opa  No. Free    Av Sq Free  T=  1.5000E+01
  1.0000E+02  1.4342E-01  7.0154E-03  6.4849E+00  4.3054E+01
  1.3180E+02  1.4370E-01  9.2030E-03  6.4871E+00  4.3077E+01
  1.7370E+02  1.4404E-01  1.2086E-02  6.4900E+00  4.3107E+01
  2.2893E+02  1.4448E-01  1.5625E-02  6.4938E+00  4.3147E+01
  3.0172E+02  1.4501E-01  2.0332E-02  6.4949E+00  4.3161E+01
  3.9765E+02  1.4567E-01  2.6423E-02  6.4945E+00  4.3160E+01
  5.2409E+02  1.4649E-01  3.3966E-02  6.4939E+00  4.3158E+01
  6.9072E+02  1.4749E-01  4.4282E-02  6.4937E+00  4.3162E+01
  9.1034E+02  1.4863E-01  5.5407E-02  6.5004E+00  4.3240E+01
  1.1998E+03  1.5003E-01  7.0889E-02  6.5092E+00  4.3344E+01
  1.5813E+03  1.5175E-01  9.0280E-02  6.5209E+00  4.3480E+01
  2.0840E+03  1.5384E-01  1.1398E-01  6.5279E+00  4.3563E+01
  2.7467E+03  1.5637E-01  1.4332E-01  6.5283E+00  4.3570E+01
  3.6200E+03  1.5945E-01  1.8190E-01  6.5288E+00  4.3580E+01
  4.7710E+03  1.6320E-01  2.3258E-01  6.5294E+00  4.3592E+01
  6.2880E+03  1.6746E-01  2.8278E-01  6.5294E+00  4.3592E+01
  8.2873E+03  1.7265E-01  3.4535E-01  6.5294E+00  4.3591E+01
  1.0922E+04  1.7897E-01  4.2738E-01  6.5294E+00  4.3590E+01
  1.4395E+04  1.8648E-01  5.1637E-01  6.5294E+00  4.3590E+01
  1.8972E+04  1.9556E-01  6.2005E-01  6.5294E+00  4.3590E+01
  2.5004E+04  2.0664E-01  7.4907E-01  6.5294E+00  4.3590E+01
  3.2955E+04  2.1917E-01  8.7828E-01  6.5294E+00  4.3590E+01
  4.3433E+04  2.3380E-01  1.0041E+00  6.5294E+00  4.3589E+01
  5.7242E+04  2.5189E-01  1.1687E+00  6.5294E+00  4.3589E+01
  7.5443E+04  2.7128E-01  1.2726E+00  6.5294E+00  4.3588E+01
  9.9430E+04  2.9546E-01  1.4058E+00  6.5294E+00  4.3588E+01
  1.3104E+05  3.2156E-01  1.4779E+00  6.5294E+00  4.3591E+01
  1.7271E+05  3.5212E-01  1.5561E+00  6.5295E+00  4.3594E+01
  2.2763E+05  3.8071E-01  1.6029E+00  6.5295E+00  4.3594E+01
  3.0000E+05  4.1739E-01  1.6550E+00  6.5295E+00  4.3594E+01
 Density     Ross opa    Planck opa  No. Free    Av Sq Free  T=  2.5000E+01
  1.0000E+02  1.1992E-01  1.1115E-03  6.4679E+00  4.2858E+01
  1.3180E+02  1.1997E-01  1.4678E-03  6.4756E+00  4.2946E+01
  1.7370E+02  1.2002E-01  1.9375E-03  6.4857E+00  4.3063E+01
  2.2893E+02  1.2009E-01  2.5522E-03  6.4933E+00  4.3150E+01
  3.0172E+02  1.2019E-01  3.3579E-03  6.4975E+00  4.3199E+01
  3.9765E+02  1.2030E-01  4.4197E-03  6.5031E+00  4.3264E+01
  5.2409E+02  1.2045E-01  5.8191E-03  6.5105E+00  4.3349E+01
  6.9072E+02  1.2064E-01  7.4134E-03  6.5090E+00  4.3333E+01
  9.1034E+02  1.2087E-01  9.6425E-03  6.5060E+00  4.3299E+01
  1.1998E+03  1.2116E-01  1.2580E-02  6.5021E+00  4.3255E+01
  1.5813E+03  1.2153E-01  1.6071E-02  6.5003E+00  4.3236E+01
  2.0840E+03  1.2197E-01  2.0594E-02  6.5066E+00  4.3314E+01
  2.7467E+03  1.2252E-01  2.6226E-02  6.5150E+00  4.3417E+01
  3.6200E+03  1.2321E-01  3.4017E-02  6.5261E+00  4.3553E+01
  4.7710E+03  1.2404E-01  4.2747E-02  6.5295E+00  4.3593E+01
  6.2880E+03  1.2507E-01  5.3805E-02  6.5295E+00  4.3593E+01
  8.2873E+03  1.2635E-01  6.8351E-02  6.5294E+00  4.3593E+01
  1.0922E+04  1.2789E-01  8.6296E-02  6.5294E+00  4.3592E+01
  1.4395E+04  1.2969E-01  1.0520E-01  6.5294E+00  4.3592E+01
  1.8972E+04  1.3190E-01  1.2870E-01  6.5294E+00  4.3592E+01
  2.5004E+04  1.3463E-01  1.6092E-01  6.5294E+00  4.3592E+01
  3.2955E+04  1.3753E-01  1.8969E-01  6.5294E+00  4.3592E+01
  4.3433E+04  1.4104E-01  2.2500E-01  6.5294E+00  4.3591E+01
  5.7242E+04  1.4536E-01  2.6864E-01  6.5294E+00  4.3591E+01
  7.5443E+04  1.5090E-01  3.1463E-01  6.5294E+00  4.3590E+01
  9.9430E+04  1.5779E-01  3.7126E-01  6.5294E+00  4.3590E+01
  1.3104E+05  1.6593E-01  4.3408E-01  6.5294E+00  4.3589E+01
  1.7271E+05  1.7426E-01  4.7677E-01  6.5294E+00  4.3592E+01
  2.2763E+05  1.8459E-01  5.2753E-01  6.5295E+00  4.3594E+01
  3.0000E+05  1.9537E-01  5.5575E-01  6.5295E+00  4.3594E+01
 Density     Ross opa    Planck opa  No. Free    Av Sq Free  T=  4.0000E+01
  1.0000E+02  9.7820E-02  2.0699E-04  6.4825E+00  4.3014E+01
  1.3180E+02  9.7827E-02  2.7242E-04  6.4780E+00  4.2966E+01
  1.7370E+02  9.7836E-02  3.5959E-04  6.4788E+00  4.2977E+01
  2.2893E+02  9.7848E-02  4.7522E-04  6.4852E+00  4.3052E+01
  3.0172E+02  9.7864E-02  6.2762E-04  6.4937E+00  4.3151E+01
  3.9765E+02  9.7884E-02  8.2847E-04  6.5048E+00  4.3282E+01
  5.2409E+02  9.7910E-02  1.0897E-03  6.5070E+00  4.3310E+01
  6.9072E+02  9.7944E-02  1.4340E-03  6.5096E+00  4.3345E+01
  9.1034E+02  9.7988E-02  1.8877E-03  6.5131E+00  4.3391E+01
  1.1998E+03  9.8043E-02  2.4706E-03  6.5161E+00  4.3429E+01
  1.5813E+03  9.8113E-02  3.1534E-03  6.5171E+00  4.3436E+01
  2.0840E+03  9.8203E-02  4.1141E-03  6.5184E+00  4.3444E+01
  2.7467E+03  9.8318E-02  5.3802E-03  6.5202E+00  4.3456E+01
  3.6200E+03  9.8462E-02  6.8378E-03  6.5219E+00  4.3478E+01
  4.7710E+03  9.8644E-02  8.8445E-03  6.5239E+00  4.3509E+01
  6.2880E+03  9.8875E-02  1.1334E-02  6.5267E+00  4.3551E+01
  8.2873E+03  9.9165E-02  1.4685E-02  6.5295E+00  4.3594E+01
  1.0922E+04  9.9521E-02  1.8398E-02  6.5295E+00  4.3593E+01
  1.4395E+04  9.9969E-02  2.3286E-02  6.5295E+00  4.3593E+01
  1.8972E+04  1.0053E-01  2.9719E-02  6.5295E+00  4.3593E+01
  2.5004E+04  1.0120E-01  3.6551E-02  6.5295E+00  4.3593E+01
  3.2955E+04  1.0201E-01  4.4602E-02  6.5295E+00  4.3593E+01
  4.3433E+04  1.0303E-01  5.5168E-02  6.5294E+00  4.3592E+01
  5.7242E+04  1.0423E-01  6.7057E-02  6.5294E+00  4.3592E+01
  7.5443E+04  1.0558E-01  7.9800E-02  6.5294E+00  4.3592E+01
  9.9430E+04  1.0726E-01  9.4687E-02  6.5294E+00  4.3591E+01
  1.3104E+05  1.0935E-01  1.1377E-01  6.5294E+00  4.3591E+01
  1.7271E+05  1.1200E-01  1.3268E-01  6.5294E+00  4.3592E+01
  2.2763E+05  1.1529E-01  1.5734E-01  6.5295E+00  4.3594E+01
  3.0000E+05  1.1882E-01  1.7898E-01  6.5295E+00  4.3594E+01
 Density     Ross opa    Planck opa  No. Free    Av Sq Free  T=  6.0000E+01
  1.0000E+02  7.9855E-02  4.9095E-05  6.4944E+00  4.3168E+01
  1.3180E+02  7.9856E-02  6.4667E-05  6.4944E+00  4.3166E+01
  1.7370E+02  7.9858E-02  8.5190E-05  6.4945E+00  4.3163E+01
  2.2893E+02  7.9860E-02  1.1224E-04  6.4945E+00  4.3158E+01
  3.0172E+02  7.9864E-02  1.4807E-04  6.4962E+00  4.3175E+01
  3.9765E+02  7.9868E-02  1.9562E-04  6.5012E+00  4.3234E+01
  5.2409E+02  7.9873E-02  2.5829E-04  6.5078E+00  4.3313E+01
  6.9072E+02  7.9880E-02  3.4088E-04  6.5164E+00  4.3417E+01
  9.1034E+02  7.9890E-02  4.4816E-04  6.5182E+00  4.3441E+01
  1.1998E+03  7.9902E-02  5.8906E-04  6.5176E+00  4.3439E+01
  1.5813E+03  7.9917E-02  7.7477E-04  6.5169E+00  4.3436E+01
  2.0840E+03  7.9938E-02  1.0171E-03  6.5164E+00  4.3436E+01
  2.7467E+03  7.9963E-02  1.3232E-03  6.5186E+00  4.3460E+01
  3.6200E+03  7.9997E-02  1.6956E-03  6.5214E+00  4.3492E+01
  4.7710E+03  8.0040E-02  2.2190E-03  6.5252E+00  4.3535E+01
  6.2880E+03  8.0096E-02  2.8833E-03  6.5274E+00  4.3560E+01
  8.2873E+03  8.0167E-02  3.6797E-03  6.5279E+00  4.3569E+01
  1.0922E+04  8.0258E-02  4.7925E-03  6.5286E+00  4.3579E+01
  1.4395E+04  8.0375E-02  6.1698E-03  6.5295E+00  4.3593E+01
  1.8972E+04  8.0519E-02  7.8347E-03  6.5295E+00  4.3594E+01
  2.5004E+04  8.0703E-02  9.9061E-03  6.5295E+00  4.3594E+01
  3.2955E+04  8.0937E-02  1.2632E-02  6.5295E+00  4.3593E+01
  4.3433E+04  8.1223E-02  1.5741E-02  6.5295E+00  4.3593E+01
  5.7242E+04  8.1573E-02  1.9207E-02  6.5295E+00  4.3593E+01
  7.5443E+04  8.2017E-02  2.3758E-02  6.5295E+00  4.3593E+01
  9.9430E+04  8.2567E-02  2.9524E-02  6.5294E+00  4.3592E+01
  1.3104E+05  8.3164E-02  3.4498E-02  6.5295E+00  4.3593E+01
  1.7271E+05  8.3919E-02  4.0978E-02  6.5295E+00  4.3594E+01
  2.2763E+05  8.4869E-02  4.9343E-02  6.5295E+00  4.3594E+01
  3.0000E+05  8.6056E-02  5.7740E-02  6.5295E+00  4.3594E+01
 Density     Ross opa    Planck opa  No. Free    Av Sq Free  T=  1.0000E+02
  1.0000E+02  5.9392E-02  8.0534E-06  6.5127E+00  4.3384E+01
  1.3180E+02  5.9392E-02  1.0601E-05  6.5108E+00  4.3360E+01
  1.7370E+02  5.9392E-02  1.3958E-05  6.5084E+00  4.3327E+01
  2.2893E+02  5.9393E-02  1.8389E-05  6.5063E+00  4.3300E+01
  3.0172E+02  5.9393E-02  2.4252E-05  6.5076E+00  4.3315E+01
  3.9765E+02  5.9394E-02  3.1978E-05  6.5094E+00  4.3335E+01
  5.2409E+02  5.9395E-02  4.2162E-05  6.5117E+00  4.3362E+01
  6.9072E+02  5.9395E-02  5.5598E-05  6.5138E+00  4.3388E+01
  9.1034E+02  5.9397E-02  7.3316E-05  6.5159E+00  4.3415E+01
  1.1998E+03  5.9398E-02  9.6668E-05  6.5187E+00  4.3451E+01
  1.5813E+03  5.9401E-02  1.2744E-04  6.5222E+00  4.3498E+01
  2.0840E+03  5.9404E-02  1.6740E-04  6.5211E+00  4.3487E+01
  2.7467E+03  5.9407E-02  2.2006E-04  6.5197E+00  4.3472E+01
  3.6200E+03  5.9412E-02  2.8948E-04  6.5179E+00  4.3452E+01
  4.7710E+03  5.9419E-02  3.7949E-04  6.5174E+00  4.3448E+01
  6.2880E+03  5.9427E-02  4.9555E-04  6.5201E+00  4.3480E+01
  8.2873E+03  5.9438E-02  6.4852E-04  6.5236E+00  4.3523E+01
  1.0922E+04  5.9452E-02  8.3427E-04  6.5283E+00  4.3580E+01
  1.4395E+04  5.9470E-02  1.0846E-03  6.5294E+00  4.3593E+01
  1.8972E+04  5.9494E-02  1.4115E-03  6.5295E+00  4.3594E+01
  2.5004E+04  5.9525E-02  1.8137E-03  6.5295E+00  4.3594E+01
  3.2955E+04  5.9565E-02  2.3589E-03  6.5295E+00  4.3594E+01
  4.3433E+04  5.9616E-02  2.9710E-03  6.5295E+00  4.3594E+01
  5.7242E+04  5.9681E-02  3.8256E-03  6.5295E+00  4.3594E+01
  7.5443E+04  5.9765E-02  4.8948E-03  6.5295E+00  4.3594E+01
  9.9430E+04  5.9869E-02  6.0327E-03  6.5295E+00  4.3594E+01
  1.3104E+05  5.9999E-02  7.3939E-03  6.5295E+00  4.3594E+01
  1.7271E+05  6.0166E-02  9.1850E-03  6.5295E+00  4.3594E+01
  2.2763E+05  6.0370E-02  1.1281E-02  6.5295E+00  4.3594E+01
  3.0000E+05  6.0606E-02  1.3272E-02  6.5295E+00  4.3594E+01
