 Density     Ross opa    Planck opa  No. Free    Av Sq Free  T=  1.0000E-01
  1.0000E+02  4.6108E+03  8.2146E+03  2.8567E+00  9.9958E+00
  1.3180E+02  4.6108E+03  8.2146E+03  2.8567E+00  9.9958E+00
  1.7370E+02  4.6108E+03  8.2146E+03  2.8567E+00  9.9958E+00
  2.2893E+02  4.6108E+03  8.2146E+03  2.8567E+00  9.9958E+00
  3.0172E+02  4.6108E+03  8.2146E+03  2.8567E+00  9.9958E+00
  3.9765E+02  4.6108E+03  8.2146E+03  2.8567E+00  9.9958E+00
  5.2409E+02  4.6108E+03  8.2146E+03  2.8567E+00  9.9958E+00
  6.9072E+02  4.6108E+03  8.2146E+03  2.8567E+00  9.9958E+00
  9.1034E+02  4.6108E+03  8.2146E+03  2.8567E+00  9.9958E+00
  1.1998E+03  4.6108E+03  8.2146E+03  2.8567E+00  9.9958E+00
  1.5813E+03  4.6108E+03  8.2146E+03  2.8567E+00  9.9958E+00
  2.0840E+03  4.6108E+03  8.2146E+03  2.8567E+00  9.9958E+00
  2.7467E+03  4.6108E+03  8.2146E+03  2.8567E+00  9.9958E+00
  3.6200E+03  4.6108E+03  8.2146E+03  2.8567E+00  9.9958E+00
  4.7710E+03  4.6108E+03  8.2146E+03  2.8567E+00  9.9958E+00
  6.2880E+03  4.6108E+03  8.2146E+03  2.8567E+00  9.9958E+00
  8.2873E+03  4.6108E+03  8.2146E+03  2.8567E+00  9.9958E+00
  1.0922E+04  4.6108E+03  8.2146E+03  2.8567E+00  9.9958E+00
  1.4395E+04  4.6108E+03  8.2146E+03  2.8567E+00  9.9958E+00
  1.8972E+04  4.6108E+03  8.2146E+03  2.8567E+00  9.9958E+00
  2.5004E+04  4.6108E+03  8.2146E+03  2.8567E+00  9.9958E+00
  3.2955E+04  4.6108E+03  8.2146E+03  2.8567E+00  9.9958E+00
  4.3433E+04  4.6108E+03  8.2146E+03  2.8567E+00  9.9958E+00
  5.7242E+04  4.6108E+03  8.2146E+03  2.8567E+00  9.9958E+00
  7.5443E+04  4.6108E+03  8.2146E+03  2.8567E+00  9.9958E+00
  9.9430E+04  4.6108E+03  8.2146E+03  2.8567E+00  9.9958E+00
  1.3104E+05  4.6108E+03  8.2146E+03  2.8567E+00  9.9958E+00
  1.7271E+05  4.6108E+03  8.2146E+03  2.8567E+00  9.9958E+00
  2.2763E+05  4.6108E+03  8.2146E+03  2.8567E+00  9.9958E+00
  3.0000E+05  4.6108E+03  8.2146E+03  2.8567E+00  9.9958E+00
 Density     Ross opa    Planck opa  No. Free    Av Sq Free  T=  1.2500E-01
  1.0000E+02  3.0893E+03  6.6398E+03  2.9091E+00  1.0506E+01
  1.3180E+02  3.0893E+03  6.6398E+03  2.9091E+00  1.0506E+01
  1.7370E+02  3.0893E+03  6.6398E+03  2.9091E+00  1.0506E+01
  2.2893E+02  3.0893E+03  6.6398E+03  2.9091E+00  1.0506E+01
  3.0172E+02  3.0893E+03  6.6398E+03  2.9091E+00  1.0506E+01
  3.9765E+02  3.0893E+03  6.6398E+03  2.9091E+00  1.0506E+01
  5.2409E+02  3.0893E+03  6.6398E+03  2.9091E+00  1.0506E+01
  6.9072E+02  3.0893E+03  6.6398E+03  2.9091E+00  1.0506E+01
  9.1034E+02  3.0893E+03  6.6398E+03  2.9091E+00  1.0506E+01
  1.1998E+03  3.0893E+03  6.6398E+03  2.9091E+00  1.0506E+01
  1.5813E+03  3.0893E+03  6.6398E+03  2.9091E+00  1.0506E+01
  2.0840E+03  3.0893E+03  6.6398E+03  2.9091E+00  1.0506E+01
  2.7467E+03  3.0893E+03  6.6398E+03  2.9091E+00  1.0506E+01
  3.6200E+03  3.0893E+03  6.6398E+03  2.9091E+00  1.0506E+01
  4.7710E+03  3.0893E+03  6.6398E+03  2.9091E+00  1.0506E+01
  6.2880E+03  3.0893E+03  6.6398E+03  2.9091E+00  1.0506E+01
  8.2873E+03  3.0893E+03  6.6398E+03  2.9091E+00  1.0506E+01
  1.0922E+04  3.0893E+03  6.6398E+03  2.9091E+00  1.0506E+01
  1.4395E+04  3.0893E+03  6.6398E+03  2.9091E+00  1.0506E+01
  1.8972E+04  3.0893E+03  6.6398E+03  2.9091E+00  1.0506E+01
  2.5004E+04  3.0893E+03  6.6398E+03  2.9091E+00  1.0506E+01
  3.2955E+04  3.0893E+03  6.6398E+03  2.9091E+00  1.0506E+01
  4.3433E+04  3.0893E+03  6.6398E+03  2.9091E+00  1.0506E+01
  5.7242E+04  3.0893E+03  6.6398E+03  2.9091E+00  1.0506E+01
  7.5443E+04  3.0893E+03  6.6398E+03  2.9091E+00  1.0506E+01
  9.9430E+04  3.0893E+03  6.6398E+03  2.9091E+00  1.0506E+01
  1.3104E+05  3.0893E+03  6.6398E+03  2.9091E+00  1.0506E+01
  1.7271E+05  3.0893E+03  6.6398E+03  2.9091E+00  1.0506E+01
  2.2763E+05  3.0893E+03  6.6398E+03  2.9091E+00  1.0506E+01
  3.0000E+05  3.0893E+03  6.6398E+03  2.9091E+00  1.0506E+01
 Density     Ross opa    Planck opa  No. Free    Av Sq Free  T=  1.5000E-01
  1.0000E+02  1.9746E+03  5.4790E+03  2.9573E+00  1.1001E+01
  1.3180E+02  1.9746E+03  5.4790E+03  2.9573E+00  1.1001E+01
  1.7370E+02  1.9746E+03  5.4790E+03  2.9573E+00  1.1001E+01
  2.2893E+02  1.9746E+03  5.4790E+03  2.9573E+00  1.1001E+01
  3.0172E+02  1.9746E+03  5.4790E+03  2.9573E+00  1.1001E+01
  3.9765E+02  1.9746E+03  5.4790E+03  2.9573E+00  1.1001E+01
  5.2409E+02  1.9746E+03  5.4790E+03  2.9573E+00  1.1001E+01
  6.9072E+02  1.9746E+03  5.4790E+03  2.9573E+00  1.1001E+01
  9.1034E+02  1.9746E+03  5.4790E+03  2.9573E+00  1.1001E+01
  1.1998E+03  1.9746E+03  5.4790E+03  2.9573E+00  1.1001E+01
  1.5813E+03  1.9746E+03  5.4790E+03  2.9573E+00  1.1001E+01
  2.0840E+03  1.9746E+03  5.4790E+03  2.9573E+00  1.1001E+01
  2.7467E+03  1.9746E+03  5.4790E+03  2.9573E+00  1.1001E+01
  3.6200E+03  1.9746E+03  5.4790E+03  2.9573E+00  1.1001E+01
  4.7710E+03  1.9746E+03  5.4790E+03  2.9573E+00  1.1001E+01
  6.2880E+03  1.9746E+03  5.4790E+03  2.9573E+00  1.1001E+01
  8.2873E+03  1.9746E+03  5.4790E+03  2.9573E+00  1.1001E+01
  1.0922E+04  1.9746E+03  5.4790E+03  2.9573E+00  1.1001E+01
  1.4395E+04  1.9746E+03  5.4790E+03  2.9573E+00  1.1001E+01
  1.8972E+04  1.9746E+03  5.4790E+03  2.9573E+00  1.1001E+01
  2.5004E+04  1.9746E+03  5.4790E+03  2.9573E+00  1.1001E+01
  3.2955E+04  1.9746E+03  5.4790E+03  2.9573E+00  1.1001E+01
  4.3433E+04  1.9746E+03  5.4790E+03  2.9573E+00  1.1001E+01
  5.7242E+04  1.9746E+03  5.4790E+03  2.9573E+00  1.1001E+01
  7.5443E+04  1.9746E+03  5.4790E+03  2.9573E+00  1.1001E+01
  9.9430E+04  1.9746E+03  5.4790E+03  2.9573E+00  1.1001E+01
  1.3104E+05  1.9746E+03  5.4790E+03  2.9573E+00  1.1001E+01
  1.7271E+05  1.9746E+03  5.4790E+03  2.9573E+00  1.1001E+01
  2.2763E+05  1.9746E+03  5.4790E+03  2.9573E+00  1.1001E+01
  3.0000E+05  1.9746E+03  5.4790E+03  2.9573E+00  1.1001E+01
 Density     Ross opa    Planck opa  No. Free    Av Sq Free  T=  2.0000E-01
  1.0000E+02  8.5804E+02  3.5483E+03  3.0361E+00  1.1839E+01
  1.3180E+02  8.5804E+02  3.5483E+03  3.0361E+00  1.1839E+01
  1.7370E+02  8.5804E+02  3.5483E+03  3.0361E+00  1.1839E+01
  2.2893E+02  8.5804E+02  3.5483E+03  3.0361E+00  1.1839E+01
  3.0172E+02  8.5804E+02  3.5483E+03  3.0361E+00  1.1839E+01
  3.9765E+02  8.5804E+02  3.5483E+03  3.0361E+00  1.1839E+01
  5.2409E+02  8.5804E+02  3.5483E+03  3.0361E+00  1.1839E+01
  6.9072E+02  8.5804E+02  3.5483E+03  3.0361E+00  1.1839E+01
  9.1034E+02  8.5804E+02  3.5483E+03  3.0361E+00  1.1839E+01
  1.1998E+03  8.5804E+02  3.5483E+03  3.0361E+00  1.1839E+01
  1.5813E+03  8.5804E+02  3.5483E+03  3.0361E+00  1.1839E+01
  2.0840E+03  8.5804E+02  3.5483E+03  3.0361E+00  1.1839E+01
  2.7467E+03  8.5804E+02  3.5483E+03  3.0361E+00  1.1839E+01
  3.6200E+03  8.5804E+02  3.5483E+03  3.0361E+00  1.1839E+01
  4.7710E+03  8.5804E+02  3.5483E+03  3.0361E+00  1.1839E+01
  6.2880E+03  8.5804E+02  3.5483E+03  3.0361E+00  1.1839E+01
  8.2873E+03  8.5804E+02  3.5483E+03  3.0361E+00  1.1839E+01
  1.0922E+04  8.5804E+02  3.5483E+03  3.0361E+00  1.1839E+01
  1.4395E+04  8.5804E+02  3.5483E+03  3.0361E+00  1.1839E+01
  1.8972E+04  8.5804E+02  3.5483E+03  3.0361E+00  1.1839E+01
  2.5004E+04  8.5804E+02  3.5483E+03  3.0361E+00  1.1839E+01
  3.2955E+04  8.5804E+02  3.5483E+03  3.0361E+00  1.1839E+01
  4.3433E+04  8.5804E+02  3.5483E+03  3.0361E+00  1.1839E+01
  5.7242E+04  8.5804E+02  3.5483E+03  3.0361E+00  1.1839E+01
  7.5443E+04  8.5804E+02  3.5483E+03  3.0361E+00  1.1839E+01
  9.9430E+04  8.5804E+02  3.5483E+03  3.0361E+00  1.1839E+01
  1.3104E+05  8.5804E+02  3.5483E+03  3.0361E+00  1.1839E+01
  1.7271E+05  8.5804E+02  3.5483E+03  3.0361E+00  1.1839E+01
  2.2763E+05  8.5804E+02  3.5483E+03  3.0361E+00  1.1839E+01
  3.0000E+05  8.5804E+02  3.5483E+03  3.0361E+00  1.1839E+01
 Density     Ross opa    Planck opa  No. Free    Av Sq Free  T=  2.5000E-01
  1.0000E+02  4.2846E+02  2.4164E+03  3.0869E+00  1.2400E+01
  1.3180E+02  4.2846E+02  2.4164E+03  3.0869E+00  1.2400E+01
  1.7370E+02  4.2846E+02  2.4164E+03  3.0869E+00  1.2400E+01
  2.2893E+02  4.2846E+02  2.4164E+03  3.0869E+00  1.2400E+01
  3.0172E+02  4.2846E+02  2.4164E+03  3.0869E+00  1.2400E+01
  3.9765E+02  4.2846E+02  2.4164E+03  3.0869E+00  1.2400E+01
  5.2409E+02  4.2846E+02  2.4164E+03  3.0869E+00  1.2400E+01
  6.9072E+02  4.2846E+02  2.4164E+03  3.0869E+00  1.2400E+01
  9.1034E+02  4.2846E+02  2.4164E+03  3.0869E+00  1.2400E+01
  1.1998E+03  4.2846E+02  2.4164E+03  3.0869E+00  1.2400E+01
  1.5813E+03  4.2846E+02  2.4164E+03  3.0869E+00  1.2400E+01
  2.0840E+03  4.2846E+02  2.4164E+03  3.0869E+00  1.2400E+01
  2.7467E+03  4.2846E+02  2.4164E+03  3.0869E+00  1.2400E+01
  3.6200E+03  4.2846E+02  2.4164E+03  3.0869E+00  1.2400E+01
  4.7710E+03  4.2846E+02  2.4164E+03  3.0869E+00  1.2400E+01
  6.2880E+03  4.2846E+02  2.4164E+03  3.0869E+00  1.2400E+01
  8.2873E+03  4.2846E+02  2.4164E+03  3.0869E+00  1.2400E+01
  1.0922E+04  4.2846E+02  2.4164E+03  3.0869E+00  1.2400E+01
  1.4395E+04  4.2846E+02  2.4164E+03  3.0869E+00  1.2400E+01
  1.8972E+04  4.2846E+02  2.4164E+03  3.0869E+00  1.2400E+01
  2.5004E+04  4.2846E+02  2.4164E+03  3.0869E+00  1.2400E+01
  3.2955E+04  4.2846E+02  2.4164E+03  3.0869E+00  1.2400E+01
  4.3433E+04  4.2846E+02  2.4164E+03  3.0869E+00  1.2400E+01
  5.7242E+04  4.2846E+02  2.4164E+03  3.0869E+00  1.2400E+01
  7.5443E+04  4.2846E+02  2.4164E+03  3.0869E+00  1.2400E+01
  9.9430E+04  4.2846E+02  2.4164E+03  3.0869E+00  1.2400E+01
  1.3104E+05  4.2846E+02  2.4164E+03  3.0869E+00  1.2400E+01
  1.7271E+05  4.2846E+02  2.4164E+03  3.0869E+00  1.2400E+01
  2.2763E+05  4.2846E+02  2.4164E+03  3.0869E+00  1.2400E+01
  3.0000E+05  4.2846E+02  2.4164E+03  3.0869E+00  1.2400E+01
 Density     Ross opa    Planck opa  No. Free    Av Sq Free  T=  3.0000E-01
  1.0000E+02  2.3952E+02  1.7116E+03  3.1238E+00  1.2823E+01
  1.3180E+02  2.3952E+02  1.7116E+03  3.1238E+00  1.2823E+01
  1.7370E+02  2.3952E+02  1.7116E+03  3.1238E+00  1.2823E+01
  2.2893E+02  2.3952E+02  1.7116E+03  3.1238E+00  1.2823E+01
  3.0172E+02  2.3952E+02  1.7116E+03  3.1238E+00  1.2823E+01
  3.9765E+02  2.3952E+02  1.7116E+03  3.1238E+00  1.2823E+01
  5.2409E+02  2.3952E+02  1.7116E+03  3.1238E+00  1.2823E+01
  6.9072E+02  2.3952E+02  1.7116E+03  3.1238E+00  1.2823E+01
  9.1034E+02  2.3952E+02  1.7116E+03  3.1238E+00  1.2823E+01
  1.1998E+03  2.3952E+02  1.7116E+03  3.1238E+00  1.2823E+01
  1.5813E+03  2.3952E+02  1.7116E+03  3.1238E+00  1.2823E+01
  2.0840E+03  2.3952E+02  1.7116E+03  3.1238E+00  1.2823E+01
  2.7467E+03  2.3952E+02  1.7116E+03  3.1238E+00  1.2823E+01
  3.6200E+03  2.3952E+02  1.7116E+03  3.1238E+00  1.2823E+01
  4.7710E+03  2.3952E+02  1.7116E+03  3.1238E+00  1.2823E+01
  6.2880E+03  2.3952E+02  1.7116E+03  3.1238E+00  1.2823E+01
  8.2873E+03  2.3952E+02  1.7116E+03  3.1238E+00  1.2823E+01
  1.0922E+04  2.3952E+02  1.7116E+03  3.1238E+00  1.2823E+01
  1.4395E+04  2.3952E+02  1.7116E+03  3.1238E+00  1.2823E+01
  1.8972E+04  2.3952E+02  1.7116E+03  3.1238E+00  1.2823E+01
  2.5004E+04  2.3952E+02  1.7116E+03  3.1238E+00  1.2823E+01
  3.2955E+04  2.3952E+02  1.7116E+03  3.1238E+00  1.2823E+01
  4.3433E+04  2.3952E+02  1.7116E+03  3.1238E+00  1.2823E+01
  5.7242E+04  2.3952E+02  1.7116E+03  3.1238E+00  1.2823E+01
  7.5443E+04  2.3952E+02  1.7116E+03  3.1238E+00  1.2823E+01
  9.9430E+04  2.3952E+02  1.7116E+03  3.1238E+00  1.2823E+01
  1.3104E+05  2.3952E+02  1.7116E+03  3.1238E+00  1.2823E+01
  1.7271E+05  2.3952E+02  1.7116E+03  3.1238E+00  1.2823E+01
  2.2763E+05  2.3952E+02  1.7116E+03  3.1238E+00  1.2823E+01
  3.0000E+05  2.3952E+02  1.7116E+03  3.1238E+00  1.2823E+01
 Density     Ross opa    Planck opa  No. Free    Av Sq Free  T=  4.0000E-01
  1.0000E+02  9.5024E+01  9.4684E+02  3.1723E+00  1.3399E+01
  1.3180E+02  9.5024E+01  9.4684E+02  3.1723E+00  1.3399E+01
  1.7370E+02  9.5024E+01  9.4684E+02  3.1723E+00  1.3399E+01
  2.2893E+02  9.5024E+01  9.4684E+02  3.1723E+00  1.3399E+01
  3.0172E+02  9.5024E+01  9.4684E+02  3.1723E+00  1.3399E+01
  3.9765E+02  9.5024E+01  9.4684E+02  3.1723E+00  1.3399E+01
  5.2409E+02  9.5024E+01  9.4684E+02  3.1723E+00  1.3399E+01
  6.9072E+02  9.5024E+01  9.4684E+02  3.1723E+00  1.3399E+01
  9.1034E+02  9.5024E+01  9.4684E+02  3.1723E+00  1.3399E+01
  1.1998E+03  9.5024E+01  9.4684E+02  3.1723E+00  1.3399E+01
  1.5813E+03  9.5024E+01  9.4684E+02  3.1723E+00  1.3399E+01
  2.0840E+03  9.5024E+01  9.4684E+02  3.1723E+00  1.3399E+01
  2.7467E+03  9.5024E+01  9.4684E+02  3.1723E+00  1.3399E+01
  3.6200E+03  9.5024E+01  9.4684E+02  3.1723E+00  1.3399E+01
  4.7710E+03  9.5024E+01  9.4684E+02  3.1723E+00  1.3399E+01
  6.2880E+03  9.5024E+01  9.4684E+02  3.1723E+00  1.3399E+01
  8.2873E+03  9.5024E+01  9.4684E+02  3.1723E+00  1.3399E+01
  1.0922E+04  9.5024E+01  9.4684E+02  3.1723E+00  1.3399E+01
  1.4395E+04  9.5024E+01  9.4684E+02  3.1723E+00  1.3399E+01
  1.8972E+04  9.5024E+01  9.4684E+02  3.1723E+00  1.3399E+01
  2.5004E+04  9.5024E+01  9.4684E+02  3.1723E+00  1.3399E+01
  3.2955E+04  9.5024E+01  9.4684E+02  3.1723E+00  1.3399E+01
  4.3433E+04  9.5024E+01  9.4684E+02  3.1723E+00  1.3399E+01
  5.7242E+04  9.5024E+01  9.4684E+02  3.1723E+00  1.3399E+01
  7.5443E+04  9.5024E+01  9.4684E+02  3.1723E+00  1.3399E+01
  9.9430E+04  9.5024E+01  9.4684E+02  3.1723E+00  1.3399E+01
  1.3104E+05  9.5024E+01  9.4684E+02  3.1723E+00  1.3399E+01
  1.7271E+05  9.5024E+01  9.4684E+02  3.1723E+00  1.3399E+01
  2.2763E+05  9.5024E+01  9.4684E+02  3.1723E+00  1.3399E+01
  3.0000E+05  9.5024E+01  9.4684E+02  3.1723E+00  1.3399E+01
 Density     Ross opa    Planck opa  No. Free    Av Sq Free  T=  5.0000E-01
  1.0000E+02  5.0842E+01  6.0684E+02  3.1889E+00  1.3595E+01
  1.3180E+02  5.6791E+01  6.5978E+02  3.1725E+00  1.3387E+01
  1.7370E+02  6.4612E+01  7.2291E+02  3.1509E+00  1.3113E+01
  2.2893E+02  6.7122E+01  7.4267E+02  3.1440E+00  1.3025E+01
  3.0172E+02  6.7122E+01  7.4267E+02  3.1440E+00  1.3025E+01
  3.9765E+02  6.7122E+01  7.4267E+02  3.1440E+00  1.3025E+01
  5.2409E+02  6.7122E+01  7.4267E+02  3.1440E+00  1.3025E+01
  6.9072E+02  6.7122E+01  7.4267E+02  3.1440E+00  1.3025E+01
  9.1034E+02  6.7122E+01  7.4267E+02  3.1440E+00  1.3025E+01
  1.1998E+03  6.7122E+01  7.4267E+02  3.1440E+00  1.3025E+01
  1.5813E+03  6.7122E+01  7.4267E+02  3.1440E+00  1.3025E+01
  2.0840E+03  6.7122E+01  7.4267E+02  3.1440E+00  1.3025E+01
  2.7467E+03  6.7122E+01  7.4267E+02  3.1440E+00  1.3025E+01
  3.6200E+03  6.7122E+01  7.4267E+02  3.1440E+00  1.3025E+01
  4.7710E+03  6.7122E+01  7.4267E+02  3.1440E+00  1.3025E+01
  6.2880E+03  6.7122E+01  7.4267E+02  3.1440E+00  1.3025E+01
  8.2873E+03  6.7122E+01  7.4267E+02  3.1440E+00  1.3025E+01
  1.0922E+04  6.7122E+01  7.4267E+02  3.1440E+00  1.3025E+01
  1.4395E+04  6.7122E+01  7.4267E+02  3.1440E+00  1.3025E+01
  1.8972E+04  6.7122E+01  7.4267E+02  3.1440E+00  1.3025E+01
  2.5004E+04  6.7122E+01  7.4267E+02  3.1440E+00  1.3025E+01
  3.2955E+04  6.7122E+01  7.4267E+02  3.1440E+00  1.3025E+01
  4.3433E+04  6.7122E+01  7.4267E+02  3.1440E+00  1.3025E+01
  5.7242E+04  6.7122E+01  7.4267E+02  3.1440E+00  1.3025E+01
  7.5443E+04  6.7122E+01  7.4267E+02  3.1440E+00  1.3025E+01
  9.9430E+04  6.7122E+01  7.4267E+02  3.1440E+00  1.3025E+01
  1.3104E+05  6.7122E+01  7.4267E+02  3.1440E+00  1.3025E+01
  1.7271E+05  6.7122E+01  7.4267E+02  3.1440E+00  1.3025E+01
  2.2763E+05  6.7122E+01  7.4267E+02  3.1440E+00  1.3025E+01
  3.0000E+05  6.7122E+01  7.4267E+02  3.1440E+00  1.3025E+01
 Density     Ross opa    Planck opa  No. Free    Av Sq Free  T=  6.0000E-01
  1.0000E+02  2.6244E+01  3.6840E+02  3.2217E+00  1.4002E+01
  1.3180E+02  2.8986E+01  3.9328E+02  3.2242E+00  1.3999E+01
  1.7370E+02  3.2178E+01  4.1815E+02  3.2343E+00  1.4069E+01
  2.2893E+02  3.6380E+01  4.5034E+02  3.2476E+00  1.4162E+01
  3.0172E+02  3.7071E+01  4.5516E+02  3.2498E+00  1.4178E+01
  3.9765E+02  3.7071E+01  4.5516E+02  3.2498E+00  1.4178E+01
  5.2409E+02  3.7071E+01  4.5516E+02  3.2498E+00  1.4178E+01
  6.9072E+02  3.7071E+01  4.5516E+02  3.2498E+00  1.4178E+01
  9.1034E+02  3.7071E+01  4.5516E+02  3.2498E+00  1.4178E+01
  1.1998E+03  3.7071E+01  4.5516E+02  3.2498E+00  1.4178E+01
  1.5813E+03  3.7071E+01  4.5516E+02  3.2498E+00  1.4178E+01
  2.0840E+03  3.7071E+01  4.5516E+02  3.2498E+00  1.4178E+01
  2.7467E+03  3.7071E+01  4.5516E+02  3.2498E+00  1.4178E+01
  3.6200E+03  3.7071E+01  4.5516E+02  3.2498E+00  1.4178E+01
  4.7710E+03  3.7071E+01  4.5516E+02  3.2498E+00  1.4178E+01
  6.2880E+03  3.7071E+01  4.5516E+02  3.2498E+00  1.4178E+01
  8.2873E+03  3.7071E+01  4.5516E+02  3.2498E+00  1.4178E+01
  1.0922E+04  3.7071E+01  4.5516E+02  3.2498E+00  1.4178E+01
  1.4395E+04  3.7071E+01  4.5516E+02  3.2498E+00  1.4178E+01
  1.8972E+04  3.7071E+01  4.5516E+02  3.2498E+00  1.4178E+01
  2.5004E+04  3.7071E+01  4.5516E+02  3.2498E+00  1.4178E+01
  3.2955E+04  3.7071E+01  4.5516E+02  3.2498E+00  1.4178E+01
  4.3433E+04  3.7071E+01  4.5516E+02  3.2498E+00  1.4178E+01
  5.7242E+04  3.7071E+01  4.5516E+02  3.2498E+00  1.4178E+01
  7.5443E+04  3.7071E+01  4.5516E+02  3.2498E+00  1.4178E+01
  9.9430E+04  3.7071E+01  4.5516E+02  3.2498E+00  1.4178E+01
  1.3104E+05  3.7071E+01  4.5516E+02  3.2498E+00  1.4178E+01
  1.7271E+05  3.7071E+01  4.5516E+02  3.2498E+00  1.4178E+01
  2.2763E+05  3.7071E+01  4.5516E+02  3.2498E+00  1.4178E+01
  3.0000E+05  3.7071E+01  4.5516E+02  3.2498E+00  1.4178E+01
 Density     Ross opa    Planck opa  No. Free    Av Sq Free  T=  8.0000E-01
  1.0000E+02  8.5150E+00  1.4183E+02  3.2946E+00  1.4866E+01
  1.3180E+02  1.0178E+01  1.6803E+02  3.2685E+00  1.4553E+01
  1.7370E+02  1.1910E+01  1.9240E+02  3.2555E+00  1.4379E+01
  2.2893E+02  1.3278E+01  2.0342E+02  3.2814E+00  1.4630E+01
  3.0172E+02  1.5077E+01  2.1706E+02  3.3155E+00  1.4961E+01
  3.9765E+02  1.6427E+01  2.2692E+02  3.3412E+00  1.5211E+01
  5.2409E+02  1.6427E+01  2.2692E+02  3.3412E+00  1.5211E+01
  6.9072E+02  1.6427E+01  2.2692E+02  3.3412E+00  1.5211E+01
  9.1034E+02  1.6427E+01  2.2692E+02  3.3412E+00  1.5211E+01
  1.1998E+03  1.6427E+01  2.2692E+02  3.3412E+00  1.5211E+01
  1.5813E+03  1.6427E+01  2.2692E+02  3.3412E+00  1.5211E+01
  2.0840E+03  1.6427E+01  2.2692E+02  3.3412E+00  1.5211E+01
  2.7467E+03  1.6427E+01  2.2692E+02  3.3412E+00  1.5211E+01
  3.6200E+03  1.6427E+01  2.2692E+02  3.3412E+00  1.5211E+01
  4.7710E+03  1.6427E+01  2.2692E+02  3.3412E+00  1.5211E+01
  6.2880E+03  1.6427E+01  2.2692E+02  3.3412E+00  1.5211E+01
  8.2873E+03  1.6427E+01  2.2692E+02  3.3412E+00  1.5211E+01
  1.0922E+04  1.6427E+01  2.2692E+02  3.3412E+00  1.5211E+01
  1.4395E+04  1.6427E+01  2.2692E+02  3.3412E+00  1.5211E+01
  1.8972E+04  1.6427E+01  2.2692E+02  3.3412E+00  1.5211E+01
  2.5004E+04  1.6427E+01  2.2692E+02  3.3412E+00  1.5211E+01
  3.2955E+04  1.6427E+01  2.2692E+02  3.3412E+00  1.5211E+01
  4.3433E+04  1.6427E+01  2.2692E+02  3.3412E+00  1.5211E+01
  5.7242E+04  1.6427E+01  2.2692E+02  3.3412E+00  1.5211E+01
  7.5443E+04  1.6427E+01  2.2692E+02  3.3412E+00  1.5211E+01
  9.9430E+04  1.6427E+01  2.2692E+02  3.3412E+00  1.5211E+01
  1.3104E+05  1.6427E+01  2.2692E+02  3.3412E+00  1.5211E+01
  1.7271E+05  1.6427E+01  2.2692E+02  3.3412E+00  1.5211E+01
  2.2763E+05  1.6427E+01  2.2692E+02  3.3412E+00  1.5211E+01
  3.0000E+05  1.6427E+01  2.2692E+02  3.3412E+00  1.5211E+01
 Density     Ross opa    Planck opa  No. Free    Av Sq Free  T=  1.0000E+00
  1.0000E+02  3.8387E+00  6.8078E+01  3.3318E+00  1.5313E+01
  1.3180E+02  4.4401E+00  7.8461E+01  3.3241E+00  1.5205E+01
  1.7370E+02  5.2276E+00  9.2127E+01  3.3140E+00  1.5062E+01
  2.2893E+02  6.1756E+00  1.0685E+02  3.3060E+00  1.4938E+01
  3.0172E+02  7.0657E+00  1.1653E+02  3.3183E+00  1.5050E+01
  3.9765E+02  8.2341E+00  1.2800E+02  3.3344E+00  1.5197E+01
  5.2409E+02  9.4369E+00  1.4091E+02  3.3511E+00  1.5349E+01
  6.9072E+02  9.4369E+00  1.4091E+02  3.3511E+00  1.5349E+01
  9.1034E+02  9.4369E+00  1.4091E+02  3.3511E+00  1.5349E+01
  1.1998E+03  9.4369E+00  1.4091E+02  3.3511E+00  1.5349E+01
  1.5813E+03  9.4369E+00  1.4091E+02  3.3511E+00  1.5349E+01
  2.0840E+03  9.4369E+00  1.4091E+02  3.3511E+00  1.5349E+01
  2.7467E+03  9.4369E+00  1.4091E+02  3.3511E+00  1.5349E+01
  3.6200E+03  9.4369E+00  1.4091E+02  3.3511E+00  1.5349E+01
  4.7710E+03  9.4369E+00  1.4091E+02  3.3511E+00  1.5349E+01
  6.2880E+03  9.4369E+00  1.4091E+02  3.3511E+00  1.5349E+01
  8.2873E+03  9.4369E+00  1.4091E+02  3.3511E+00  1.5349E+01
  1.0922E+04  9.4369E+00  1.4091E+02  3.3511E+00  1.5349E+01
  1.4395E+04  9.4369E+00  1.4091E+02  3.3511E+00  1.5349E+01
  1.8972E+04  9.4369E+00  1.4091E+02  3.3511E+00  1.5349E+01
  2.5004E+04  9.4369E+00  1.4091E+02  3.3511E+00  1.5349E+01
  3.2955E+04  9.4369E+00  1.4091E+02  3.3511E+00  1.5349E+01
  4.3433E+04  9.4369E+00  1.4091E+02  3.3511E+00  1.5349E+01
  5.7242E+04  9.4369E+00  1.4091E+02  3.3511E+00  1.5349E+01
  7.5443E+04  9.4369E+00  1.4091E+02  3.3511E+00  1.5349E+01
  9.9430E+04  9.4369E+00  1.4091E+02  3.3511E+00  1.5349E+01
  1.3104E+05  9.4369E+00  1.4091E+02  3.3511E+00  1.5349E+01
  1.7271E+05  9.4369E+00  1.4091E+02  3.3511E+00  1.5349E+01
  2.2763E+05  9.4369E+00  1.4091E+02  3.3511E+00  1.5349E+01
  3.0000E+05  9.4369E+00  1.4091E+02  3.3511E+00  1.5349E+01
 Density     Ross opa    Planck opa  No. Free    Av Sq Free  T=  1.2500E+00
  1.0000E+02  1.8686E+00  3.2496E+01  3.3529E+00  1.5582E+01
  1.3180E+02  2.1750E+00  3.8975E+01  3.3446E+00  1.5471E+01
  1.7370E+02  2.4598E+00  4.3870E+01  3.3534E+00  1.5545E+01
  2.2893E+02  2.8312E+00  5.0284E+01  3.3650E+00  1.5643E+01
  3.0172E+02  3.3049E+00  5.7924E+01  3.3791E+00  1.5763E+01
  3.9765E+02  3.7856E+00  6.4164E+01  3.3823E+00  1.5805E+01
  5.2409E+02  4.4146E+00  7.2037E+01  3.3864E+00  1.5861E+01
  6.9072E+02  5.2141E+00  8.2093E+01  3.3917E+00  1.5932E+01
  9.1034E+02  5.2141E+00  8.2093E+01  3.3917E+00  1.5932E+01
  1.1998E+03  5.2141E+00  8.2093E+01  3.3917E+00  1.5932E+01
  1.5813E+03  5.2141E+00  8.2093E+01  3.3917E+00  1.5932E+01
  2.0840E+03  5.2141E+00  8.2093E+01  3.3917E+00  1.5932E+01
  2.7467E+03  5.2141E+00  8.2093E+01  3.3917E+00  1.5932E+01
  3.6200E+03  5.2141E+00  8.2093E+01  3.3917E+00  1.5932E+01
  4.7710E+03  5.2141E+00  8.2093E+01  3.3917E+00  1.5932E+01
  6.2880E+03  5.2141E+00  8.2093E+01  3.3917E+00  1.5932E+01
  8.2873E+03  5.2141E+00  8.2093E+01  3.3917E+00  1.5932E+01
  1.0922E+04  5.2141E+00  8.2093E+01  3.3917E+00  1.5932E+01
  1.4395E+04  5.2141E+00  8.2093E+01  3.3917E+00  1.5932E+01
  1.8972E+04  5.2141E+00  8.2093E+01  3.3917E+00  1.5932E+01
  2.5004E+04  5.2141E+00  8.2093E+01  3.3917E+00  1.5932E+01
  3.2955E+04  5.2141E+00  8.2093E+01  3.3917E+00  1.5932E+01
  4.3433E+04  5.2141E+00  8.2093E+01  3.3917E+00  1.5932E+01
  5.7242E+04  5.2141E+00  8.2093E+01  3.3917E+00  1.5932E+01
  7.5443E+04  5.2141E+00  8.2093E+01  3.3917E+00  1.5932E+01
  9.9430E+04  5.2141E+00  8.2093E+01  3.3917E+00  1.5932E+01
  1.3104E+05  5.2141E+00  8.2093E+01  3.3917E+00  1.5932E+01
  1.7271E+05  5.2141E+00  8.2093E+01  3.3917E+00  1.5932E+01
  2.2763E+05  5.2141E+00  8.2093E+01  3.3917E+00  1.5932E+01
  3.0000E+05  5.2141E+00  8.2093E+01  3.3917E+00  1.5932E+01
 Density     Ross opa    Planck opa  No. Free    Av Sq Free  T=  1.5000E+00
  1.0000E+02  1.0965E+00  1.7014E+01  3.3721E+00  1.5815E+01
  1.3180E+02  1.2793E+00  2.1270E+01  3.3579E+00  1.5642E+01
  1.7370E+02  1.4759E+00  2.5560E+01  3.3506E+00  1.5543E+01
  2.2893E+02  1.6730E+00  2.9045E+01  3.3585E+00  1.5608E+01
  3.0172E+02  1.9283E+00  3.3609E+01  3.3690E+00  1.5694E+01
  3.9765E+02  2.2486E+00  3.9295E+01  3.3820E+00  1.5807E+01
  5.2409E+02  2.5439E+00  4.3223E+01  3.3917E+00  1.5947E+01
  6.9072E+02  2.9292E+00  4.8176E+01  3.4044E+00  1.6131E+01
  9.1034E+02  3.3952E+00  5.4177E+01  3.4199E+00  1.6356E+01
  1.1998E+03  3.3952E+00  5.4177E+01  3.4199E+00  1.6356E+01
  1.5813E+03  3.3952E+00  5.4177E+01  3.4199E+00  1.6356E+01
  2.0840E+03  3.3952E+00  5.4177E+01  3.4199E+00  1.6356E+01
  2.7467E+03  3.3952E+00  5.4177E+01  3.4199E+00  1.6356E+01
  3.6200E+03  3.3952E+00  5.4177E+01  3.4199E+00  1.6356E+01
  4.7710E+03  3.3952E+00  5.4177E+01  3.4199E+00  1.6356E+01
  6.2880E+03  3.3952E+00  5.4177E+01  3.4199E+00  1.6356E+01
  8.2873E+03  3.3952E+00  5.4177E+01  3.4199E+00  1.6356E+01
  1.0922E+04  3.3952E+00  5.4177E+01  3.4199E+00  1.6356E+01
  1.4395E+04  3.3952E+00  5.4177E+01  3.4199E+00  1.6356E+01
  1.8972E+04  3.3952E+00  5.4177E+01  3.4199E+00  1.6356E+01
  2.5004E+04  3.3952E+00  5.4177E+01  3.4199E+00  1.6356E+01
  3.2955E+04  3.3952E+00  5.4177E+01  3.4199E+00  1.6356E+01
  4.3433E+04  3.3952E+00  5.4177E+01  3.4199E+00  1.6356E+01
  5.7242E+04  3.3952E+00  5.4177E+01  3.4199E+00  1.6356E+01
  7.5443E+04  3.3952E+00  5.4177E+01  3.4199E+00  1.6356E+01
  9.9430E+04  3.3952E+00  5.4177E+01  3.4199E+00  1.6356E+01
  1.3104E+05  3.3952E+00  5.4177E+01  3.4199E+00  1.6356E+01
  1.7271E+05  3.3952E+00  5.4177E+01  3.4199E+00  1.6356E+01
  2.2763E+05  3.3952E+00  5.4177E+01  3.4199E+00  1.6356E+01
  3.0000E+05  3.3952E+00  5.4177E+01  3.4199E+00  1.6356E+01
 Density     Ross opa    Planck opa  No. Free    Av Sq Free  T=  2.0000E+00
  1.0000E+02  5.6390E-01  6.1936E+00  3.3941E+00  1.6081E+01
  1.3180E+02  6.1932E-01  7.4328E+00  3.3964E+00  1.6096E+01
  1.7370E+02  6.8935E-01  8.9937E+00  3.3995E+00  1.6115E+01
  2.2893E+02  7.7793E-01  1.1022E+01  3.4036E+00  1.6140E+01
  3.0172E+02  8.8122E-01  1.3044E+01  3.4017E+00  1.6106E+01
  3.9765E+02  1.0120E+00  1.5530E+01  3.3985E+00  1.6054E+01
  5.2409E+02  1.1789E+00  1.8788E+01  3.3943E+00  1.5985E+01
  6.9072E+02  1.3613E+00  2.1933E+01  3.3956E+00  1.6001E+01
  9.1034E+02  1.5663E+00  2.4842E+01  3.4039E+00  1.6125E+01
  1.1998E+03  1.8317E+00  2.8520E+01  3.4149E+00  1.6287E+01
  1.5813E+03  1.9911E+00  3.0874E+01  3.4216E+00  1.6386E+01
  2.0840E+03  1.9911E+00  3.0874E+01  3.4216E+00  1.6386E+01
  2.7467E+03  1.9911E+00  3.0874E+01  3.4216E+00  1.6386E+01
  3.6200E+03  1.9911E+00  3.0874E+01  3.4216E+00  1.6386E+01
  4.7710E+03  1.9911E+00  3.0874E+01  3.4216E+00  1.6386E+01
  6.2880E+03  1.9911E+00  3.0874E+01  3.4216E+00  1.6386E+01
  8.2873E+03  1.9911E+00  3.0874E+01  3.4216E+00  1.6386E+01
  1.0922E+04  1.9911E+00  3.0874E+01  3.4216E+00  1.6386E+01
  1.4395E+04  1.9911E+00  3.0874E+01  3.4216E+00  1.6386E+01
  1.8972E+04  1.9911E+00  3.0874E+01  3.4216E+00  1.6386E+01
  2.5004E+04  1.9911E+00  3.0874E+01  3.4216E+00  1.6386E+01
  3.2955E+04  1.9911E+00  3.0874E+01  3.4216E+00  1.6386E+01
  4.3433E+04  1.9911E+00  3.0874E+01  3.4216E+00  1.6386E+01
  5.7242E+04  1.9911E+00  3.0874E+01  3.4216E+00  1.6386E+01
  7.5443E+04  1.9911E+00  3.0874E+01  3.4216E+00  1.6386E+01
  9.9430E+04  1.9911E+00  3.0874E+01  3.4216E+00  1.6386E+01
  1.3104E+05  1.9911E+00  3.0874E+01  3.4216E+00  1.6386E+01
  1.7271E+05  1.9911E+00  3.0874E+01  3.4216E+00  1.6386E+01
  2.2763E+05  1.9911E+00  3.0874E+01  3.4216E+00  1.6386E+01
  3.0000E+05  1.9911E+00  3.0874E+01  3.4216E+00  1.6386E+01
 Density     Ross opa    Planck opa  No. Free    Av Sq Free  T=  2.5000E+00
  1.0000E+02  3.8199E-01  2.8652E+00  3.3928E+00  1.6141E+01
  1.3180E+02  4.1877E-01  3.6163E+00  3.3949E+00  1.6095E+01
  1.7370E+02  4.5424E-01  4.3586E+00  3.3974E+00  1.6112E+01
  2.2893E+02  4.9856E-01  5.2897E+00  3.4006E+00  1.6135E+01
  3.0172E+02  5.5400E-01  6.5037E+00  3.4049E+00  1.6165E+01
  3.9765E+02  6.1202E-01  7.6529E+00  3.4088E+00  1.6209E+01
  5.2409E+02  6.8032E-01  8.9740E+00  3.4129E+00  1.6269E+01
  6.9072E+02  7.6687E-01  1.0630E+01  3.4185E+00  1.6348E+01
  9.1034E+02  8.7604E-01  1.2590E+01  3.4231E+00  1.6416E+01
  1.1998E+03  1.0138E+00  1.4628E+01  3.4240E+00  1.6433E+01
  1.5813E+03  1.1900E+00  1.7329E+01  3.4251E+00  1.6455E+01
  2.0840E+03  1.4092E+00  2.0281E+01  3.4262E+00  1.6474E+01
  2.7467E+03  1.6743E+00  2.2977E+01  3.4262E+00  1.6475E+01
  3.6200E+03  2.0174E+00  2.6219E+01  3.4262E+00  1.6476E+01
  4.7710E+03  2.4123E+00  2.8755E+01  3.4262E+00  1.6477E+01
  6.2880E+03  2.8997E+00  3.1071E+01  3.4262E+00  1.6476E+01
  8.2873E+03  3.1542E+00  3.2263E+01  3.4262E+00  1.6476E+01
  1.0922E+04  3.1542E+00  3.2263E+01  3.4262E+00  1.6476E+01
  1.4395E+04  3.1542E+00  3.2263E+01  3.4262E+00  1.6476E+01
  1.8972E+04  3.1542E+00  3.2263E+01  3.4262E+00  1.6476E+01
  2.5004E+04  3.1542E+00  3.2263E+01  3.4262E+00  1.6476E+01
  3.2955E+04  3.1542E+00  3.2263E+01  3.4262E+00  1.6476E+01
  4.3433E+04  3.1542E+00  3.2263E+01  3.4262E+00  1.6476E+01
  5.7242E+04  3.1542E+00  3.2263E+01  3.4262E+00  1.6476E+01
  7.5443E+04  3.1542E+00  3.2263E+01  3.4262E+00  1.6476E+01
  9.9430E+04  3.1542E+00  3.2263E+01  3.4262E+00  1.6476E+01
  1.3104E+05  3.1542E+00  3.2263E+01  3.4262E+00  1.6476E+01
  1.7271E+05  3.1542E+00  3.2263E+01  3.4262E+00  1.6476E+01
  2.2763E+05  3.1542E+00  3.2263E+01  3.4262E+00  1.6476E+01
  3.0000E+05  3.1542E+00  3.2263E+01  3.4262E+00  1.6476E+01
 Density     Ross opa    Planck opa  No. Free    Av Sq Free  T=  3.0000E+00
  1.0000E+02  2.9932E-01  1.5178E+00  3.3917E+00  1.6197E+01
  1.3180E+02  3.2183E-01  1.9427E+00  3.3934E+00  1.6149E+01
  1.7370E+02  3.4772E-01  2.4556E+00  3.3956E+00  1.6105E+01
  2.2893E+02  3.7395E-01  2.9394E+00  3.3980E+00  1.6122E+01
  3.0172E+02  4.0646E-01  3.6053E+00  3.4013E+00  1.6145E+01
  3.9765E+02  4.4677E-01  4.4404E+00  3.4057E+00  1.6176E+01
  5.2409E+02  4.8976E-01  5.2532E+00  3.4094E+00  1.6219E+01
  6.9072E+02  5.4069E-01  6.2055E+00  3.4134E+00  1.6277E+01
  9.1034E+02  6.0467E-01  7.4017E+00  3.4188E+00  1.6354E+01
  1.1998E+03  6.8407E-01  8.8023E+00  3.4232E+00  1.6419E+01
  1.5813E+03  7.8244E-01  1.0317E+01  3.4241E+00  1.6436E+01
  2.0840E+03  9.0726E-01  1.2223E+01  3.4252E+00  1.6458E+01
  2.7467E+03  1.0612E+00  1.4295E+01  3.4262E+00  1.6477E+01
  3.6200E+03  1.2458E+00  1.6171E+01  3.4262E+00  1.6477E+01
  4.7710E+03  1.4835E+00  1.8543E+01  3.4262E+00  1.6477E+01
  6.2880E+03  1.7560E+00  2.0300E+01  3.4262E+00  1.6477E+01
  8.2873E+03  2.0920E+00  2.1906E+01  3.4262E+00  1.6476E+01
  1.0922E+04  2.4835E+00  2.3073E+01  3.4262E+00  1.6477E+01
  1.4395E+04  2.9546E+00  2.3715E+01  3.4263E+00  1.6478E+01
  1.8972E+04  3.0098E+00  2.3825E+01  3.4263E+00  1.6478E+01
  2.5004E+04  3.0098E+00  2.3825E+01  3.4263E+00  1.6478E+01
  3.2955E+04  3.0098E+00  2.3825E+01  3.4263E+00  1.6478E+01
  4.3433E+04  3.0098E+00  2.3825E+01  3.4263E+00  1.6478E+01
  5.7242E+04  3.0098E+00  2.3825E+01  3.4263E+00  1.6478E+01
  7.5443E+04  3.0098E+00  2.3825E+01  3.4263E+00  1.6478E+01
  9.9430E+04  3.0098E+00  2.3825E+01  3.4263E+00  1.6478E+01
  1.3104E+05  3.0098E+00  2.3825E+01  3.4263E+00  1.6478E+01
  1.7271E+05  3.0098E+00  2.3825E+01  3.4263E+00  1.6478E+01
  2.2763E+05  3.0098E+00  2.3825E+01  3.4263E+00  1.6478E+01
  3.0000E+05  3.0098E+00  2.3825E+01  3.4263E+00  1.6478E+01
 Density     Ross opa    Planck opa  No. Free    Av Sq Free  T=  4.0000E+00
  1.0000E+02  2.3157E-01  5.4589E-01  3.3903E+00  1.6256E+01
  1.3180E+02  2.4154E-01  7.0127E-01  3.3915E+00  1.6226E+01
  1.7370E+02  2.5358E-01  8.9712E-01  3.3931E+00  1.6187E+01
  2.2893E+02  2.6811E-01  1.1531E+00  3.3951E+00  1.6135E+01
  3.0172E+02  2.8306E-01  1.4132E+00  3.3984E+00  1.6138E+01
  3.9765E+02  2.9997E-01  1.6974E+00  3.4030E+00  1.6185E+01
  5.2409E+02  3.2074E-01  2.0900E+00  3.4090E+00  1.6246E+01
  6.9072E+02  3.4587E-01  2.5573E+00  3.4158E+00  1.6315E+01
  9.1034E+02  3.7487E-01  3.0392E+00  3.4180E+00  1.6348E+01
  1.1998E+03  4.1073E-01  3.6757E+00  3.4208E+00  1.6392E+01
  1.5813E+03  4.5510E-01  4.4771E+00  3.4246E+00  1.6449E+01
  2.0840E+03  5.0765E-01  5.2701E+00  3.4256E+00  1.6465E+01
  2.7467E+03  5.7276E-01  6.2447E+00  3.4259E+00  1.6470E+01
  3.6200E+03  6.5442E-01  7.4714E+00  3.4262E+00  1.6476E+01
  4.7710E+03  7.4998E-01  8.5282E+00  3.4263E+00  1.6478E+01
  6.2880E+03  8.6871E-01  9.7280E+00  3.4262E+00  1.6477E+01
  8.2873E+03  1.0167E+00  1.1121E+01  3.4262E+00  1.6477E+01
  1.0922E+04  1.1803E+00  1.1934E+01  3.4263E+00  1.6478E+01
  1.4395E+04  1.3908E+00  1.2968E+01  3.4263E+00  1.6478E+01
  1.8972E+04  1.6185E+00  1.3364E+01  3.4263E+00  1.6479E+01
  2.5004E+04  1.8826E+00  1.3718E+01  3.4263E+00  1.6479E+01
  3.2955E+04  2.1545E+00  1.3698E+01  3.4263E+00  1.6479E+01
  4.3433E+04  2.5062E+00  1.3715E+01  3.4263E+00  1.6479E+01
  5.7242E+04  2.5564E+00  1.3794E+01  3.4263E+00  1.6479E+01
  7.5443E+04  2.5564E+00  1.3794E+01  3.4263E+00  1.6479E+01
  9.9430E+04  2.5564E+00  1.3794E+01  3.4263E+00  1.6479E+01
  1.3104E+05  2.5564E+00  1.3794E+01  3.4263E+00  1.6479E+01
  1.7271E+05  2.5564E+00  1.3794E+01  3.4263E+00  1.6479E+01
  2.2763E+05  2.5564E+00  1.3794E+01  3.4263E+00  1.6479E+01
  3.0000E+05  2.5564E+00  1.3794E+01  3.4263E+00  1.6479E+01
 Density     Ross opa    Planck opa  No. Free    Av Sq Free  T=  5.0000E+00
  1.0000E+02  2.0279E-01  2.4705E-01  3.4084E+00  1.6297E+01
  1.3180E+02  2.0848E-01  3.2213E-01  3.4143E+00  1.6336E+01
  1.7370E+02  2.1487E-01  4.0644E-01  3.4117E+00  1.6303E+01
  2.2893E+02  2.2260E-01  5.1697E-01  3.4082E+00  1.6260E+01
  3.0172E+02  2.3192E-01  6.6151E-01  3.4036E+00  1.6203E+01
  3.9765E+02  2.4199E-01  8.2365E-01  3.4026E+00  1.6189E+01
  5.2409E+02  2.5276E-01  1.0014E+00  3.4080E+00  1.6253E+01
  6.9072E+02  2.6593E-01  1.2355E+00  3.4152E+00  1.6338E+01
  9.1034E+02  2.8201E-01  1.5279E+00  3.4246E+00  1.6449E+01
  1.1998E+03  3.0204E-01  1.8287E+00  3.4252E+00  1.6458E+01
  1.5813E+03  3.2655E-01  2.2228E+00  3.4255E+00  1.6465E+01
  2.0840E+03  3.5654E-01  2.7420E+00  3.4260E+00  1.6474E+01
  2.7467E+03  3.9171E-01  3.2712E+00  3.4263E+00  1.6478E+01
  3.6200E+03  4.3406E-01  3.8683E+00  3.4263E+00  1.6478E+01
  4.7710E+03  4.8667E-01  4.6173E+00  3.4263E+00  1.6478E+01
  6.2880E+03  5.4859E-01  5.3780E+00  3.4263E+00  1.6478E+01
  8.2873E+03  6.2295E-01  6.1010E+00  3.4263E+00  1.6478E+01
  1.0922E+04  7.1703E-01  7.0593E+00  3.4262E+00  1.6477E+01
  1.4395E+04  8.1909E-01  7.6411E+00  3.4263E+00  1.6478E+01
  1.8972E+04  9.4803E-01  8.2484E+00  3.4263E+00  1.6478E+01
  2.5004E+04  1.0919E+00  8.6358E+00  3.4263E+00  1.6479E+01
  3.2955E+04  1.2643E+00  8.9732E+00  3.4263E+00  1.6479E+01
  4.3433E+04  1.4289E+00  9.0040E+00  3.4263E+00  1.6479E+01
  5.7242E+04  1.6417E+00  9.0527E+00  3.4263E+00  1.6480E+01
  7.5443E+04  1.7257E+00  9.0657E+00  3.4263E+00  1.6480E+01
  9.9430E+04  1.7257E+00  9.0657E+00  3.4263E+00  1.6480E+01
  1.3104E+05  1.7257E+00  9.0657E+00  3.4263E+00  1.6480E+01
  1.7271E+05  1.7257E+00  9.0657E+00  3.4263E+00  1.6480E+01
  2.2763E+05  1.7257E+00  9.0657E+00  3.4263E+00  1.6480E+01
  3.0000E+05  1.7257E+00  9.0657E+00  3.4263E+00  1.6480E+01
 Density     Ross opa    Planck opa  No. Free    Av Sq Free  T=  6.0000E+00
  1.0000E+02  1.8793E-01  1.2919E-01  3.4044E+00  1.6274E+01
  1.3180E+02  1.9138E-01  1.6834E-01  3.4090E+00  1.6304E+01
  1.7370E+02  1.9550E-01  2.1673E-01  3.4146E+00  1.6340E+01
  2.2893E+02  1.9997E-01  2.7100E-01  3.4153E+00  1.6343E+01
  3.0172E+02  2.0538E-01  3.4599E-01  3.4161E+00  1.6347E+01
  3.9765E+02  2.1193E-01  4.4008E-01  3.4172E+00  1.6353E+01
  5.2409E+02  2.1940E-01  5.5018E-01  3.4185E+00  1.6365E+01
  6.9072E+02  2.2797E-01  6.7958E-01  3.4201E+00  1.6387E+01
  9.1034E+02  2.3837E-01  8.4162E-01  3.4221E+00  1.6415E+01
  1.1998E+03  2.5097E-01  1.0633E+00  3.4249E+00  1.6452E+01
  1.5813E+03  2.6611E-01  1.2750E+00  3.4252E+00  1.6459E+01
  2.0840E+03  2.8455E-01  1.5522E+00  3.4256E+00  1.6466E+01
  2.7467E+03  3.0700E-01  1.9174E+00  3.4261E+00  1.6475E+01
  3.6200E+03  3.3297E-01  2.2882E+00  3.4263E+00  1.6480E+01
  4.7710E+03  3.6397E-01  2.7066E+00  3.4263E+00  1.6479E+01
  6.2880E+03  4.0224E-01  3.2560E+00  3.4263E+00  1.6479E+01
  8.2873E+03  4.4707E-01  3.7877E+00  3.4263E+00  1.6479E+01
  1.0922E+04  5.0076E-01  4.2950E+00  3.4263E+00  1.6479E+01
  1.4395E+04  5.6823E-01  4.9643E+00  3.4263E+00  1.6479E+01
  1.8972E+04  6.4111E-01  5.3659E+00  3.4263E+00  1.6479E+01
  2.5004E+04  7.3295E-01  5.8287E+00  3.4263E+00  1.6479E+01
  3.2955E+04  8.3411E-01  6.0916E+00  3.4263E+00  1.6479E+01
  4.3433E+04  9.5467E-01  6.3218E+00  3.4263E+00  1.6480E+01
  5.7242E+04  1.0698E+00  6.3504E+00  3.4263E+00  1.6480E+01
  7.5443E+04  1.2188E+00  6.4360E+00  3.4263E+00  1.6480E+01
  9.9430E+04  1.3552E+00  6.4681E+00  3.4263E+00  1.6480E+01
  1.3104E+05  1.5013E+00  6.5263E+00  3.4264E+00  1.6482E+01
  1.7271E+05  1.6396E+00  6.5351E+00  3.4264E+00  1.6483E+01
  2.2763E+05  1.6396E+00  6.5351E+00  3.4264E+00  1.6483E+01
  3.0000E+05  1.6396E+00  6.5351E+00  3.4264E+00  1.6483E+01
 Density     Ross opa    Planck opa  No. Free    Av Sq Free  T=  8.0000E+00
  1.0000E+02  1.7072E-01  4.6780E-02  3.4008E+00  1.6254E+01
  1.3180E+02  1.7221E-01  6.0680E-02  3.4035E+00  1.6271E+01
  1.7370E+02  1.7404E-01  7.7979E-02  3.4071E+00  1.6294E+01
  2.2893E+02  1.7628E-01  1.0188E-01  3.4119E+00  1.6324E+01
  3.0172E+02  1.7885E-01  1.2939E-01  3.4152E+00  1.6345E+01
  3.9765E+02  1.8185E-01  1.6291E-01  3.4161E+00  1.6351E+01
  5.2409E+02  1.8549E-01  2.0928E-01  3.4173E+00  1.6358E+01
  6.9072E+02  1.8990E-01  2.6742E-01  3.4188E+00  1.6368E+01
  9.1034E+02  1.9475E-01  3.3096E-01  3.4203E+00  1.6389E+01
  1.1998E+03  2.0060E-01  4.1343E-01  3.4221E+00  1.6417E+01
  1.5813E+03  2.0768E-01  5.1669E-01  3.4246E+00  1.6454E+01
  2.0840E+03  2.1628E-01  6.4278E-01  3.4263E+00  1.6480E+01
  2.7467E+03  2.2678E-01  7.7721E-01  3.4263E+00  1.6480E+01
  3.6200E+03  2.3951E-01  9.5432E-01  3.4263E+00  1.6480E+01
  4.7710E+03  2.5485E-01  1.1838E+00  3.4263E+00  1.6481E+01
  6.2880E+03  2.7192E-01  1.3879E+00  3.4263E+00  1.6480E+01
  8.2873E+03  2.9284E-01  1.6544E+00  3.4263E+00  1.6480E+01
  1.0922E+04  3.1848E-01  2.0044E+00  3.4263E+00  1.6479E+01
  1.4395E+04  3.4721E-01  2.2697E+00  3.4263E+00  1.6479E+01
  1.8972E+04  3.8291E-01  2.5925E+00  3.4263E+00  1.6479E+01
  2.5004E+04  4.2479E-01  2.9282E+00  3.4263E+00  1.6479E+01
  3.2955E+04  4.7239E-01  3.1692E+00  3.4263E+00  1.6480E+01
  4.3433E+04  5.2988E-01  3.4171E+00  3.4263E+00  1.6480E+01
  5.7242E+04  5.9379E-01  3.5781E+00  3.4263E+00  1.6480E+01
  7.5443E+04  6.6072E-01  3.6750E+00  3.4263E+00  1.6480E+01
  9.9430E+04  7.3414E-01  3.7199E+00  3.4263E+00  1.6480E+01
  1.3104E+05  8.2407E-01  3.7935E+00  3.4263E+00  1.6480E+01
  1.7271E+05  8.9661E-01  3.8438E+00  3.4264E+00  1.6481E+01
  2.2763E+05  9.8959E-01  3.8821E+00  3.4264E+00  1.6483E+01
  3.0000E+05  1.0255E+00  3.8900E+00  3.4264E+00  1.6483E+01
 Density     Ross opa    Planck opa  No. Free    Av Sq Free  T=  1.0000E+01
  1.0000E+02  1.6035E-01  2.0878E-02  3.4044E+00  1.6276E+01
  1.3180E+02  1.6111E-01  2.7407E-02  3.4023E+00  1.6269E+01
  1.7370E+02  1.6204E-01  3.5616E-02  3.4042E+00  1.6281E+01
  2.2893E+02  1.6319E-01  4.5732E-02  3.4072E+00  1.6299E+01
  3.0172E+02  1.6461E-01  5.9757E-02  3.4113E+00  1.6323E+01
  3.9765E+02  1.6628E-01  7.6360E-02  3.4152E+00  1.6347E+01
  5.2409E+02  1.6820E-01  9.7099E-02  3.4165E+00  1.6359E+01
  6.9072E+02  1.7054E-01  1.2299E-01  3.4182E+00  1.6374E+01
  9.1034E+02  1.7339E-01  1.5688E-01  3.4204E+00  1.6395E+01
  1.1998E+03  1.7670E-01  1.9658E-01  3.4219E+00  1.6413E+01
  1.5813E+03  1.8066E-01  2.4669E-01  3.4231E+00  1.6431E+01
  2.0840E+03  1.8546E-01  3.1253E-01  3.4247E+00  1.6456E+01
  2.7467E+03  1.9122E-01  3.9412E-01  3.4264E+00  1.6481E+01
  3.6200E+03  1.9807E-01  4.7525E-01  3.4263E+00  1.6481E+01
  4.7710E+03  2.0637E-01  5.8192E-01  3.4263E+00  1.6481E+01
  6.2880E+03  2.1643E-01  7.2240E-01  3.4263E+00  1.6481E+01
  8.2873E+03  2.2804E-01  8.6145E-01  3.4263E+00  1.6481E+01
  1.0922E+04  2.4209E-01  1.0242E+00  3.4263E+00  1.6481E+01
  1.4395E+04  2.5923E-01  1.2374E+00  3.4263E+00  1.6480E+01
  1.8972E+04  2.7849E-01  1.4192E+00  3.4263E+00  1.6480E+01
  2.5004E+04  3.0176E-01  1.6272E+00  3.4263E+00  1.6480E+01
  3.2955E+04  3.2989E-01  1.8765E+00  3.4263E+00  1.6480E+01
  4.3433E+04  3.6052E-01  2.0229E+00  3.4263E+00  1.6480E+01
  5.7242E+04  3.9889E-01  2.2168E+00  3.4263E+00  1.6480E+01
  7.5443E+04  4.3945E-01  2.3135E+00  3.4263E+00  1.6480E+01
  9.9430E+04  4.8492E-01  2.3879E+00  3.4263E+00  1.6480E+01
  1.3104E+05  5.3065E-01  2.4438E+00  3.4264E+00  1.6481E+01
  1.7271E+05  5.8952E-01  2.5068E+00  3.4264E+00  1.6483E+01
  2.2763E+05  6.3678E-01  2.5354E+00  3.4264E+00  1.6483E+01
  3.0000E+05  6.9429E-01  2.5866E+00  3.4264E+00  1.6483E+01
 Density     Ross opa    Planck opa  No. Free    Av Sq Free  T=  1.5000E+01
  1.0000E+02  1.4314E-01  4.9526E-03  3.4087E+00  1.6302E+01
  1.3180E+02  1.4334E-01  6.4925E-03  3.4082E+00  1.6306E+01
  1.7370E+02  1.4359E-01  8.5219E-03  3.4076E+00  1.6311E+01
  2.2893E+02  1.4391E-01  1.1005E-02  3.4068E+00  1.6317E+01
  3.0172E+02  1.4430E-01  1.4346E-02  3.4075E+00  1.6323E+01
  3.9765E+02  1.4479E-01  1.8684E-02  3.4095E+00  1.6329E+01
  5.2409E+02  1.4540E-01  2.4042E-02  3.4120E+00  1.6336E+01
  6.9072E+02  1.4615E-01  3.1381E-02  3.4151E+00  1.6347E+01
  9.1034E+02  1.4701E-01  3.9377E-02  3.4173E+00  1.6372E+01
  1.1998E+03  1.4807E-01  5.0522E-02  3.4200E+00  1.6404E+01
  1.5813E+03  1.4937E-01  6.4433E-02  3.4237E+00  1.6447E+01
  2.0840E+03  1.5096E-01  8.1449E-02  3.4259E+00  1.6473E+01
  2.7467E+03  1.5289E-01  1.0256E-01  3.4260E+00  1.6475E+01
  3.6200E+03  1.5525E-01  1.3029E-01  3.4262E+00  1.6478E+01
  4.7710E+03  1.5811E-01  1.6668E-01  3.4264E+00  1.6482E+01
  6.2880E+03  1.6139E-01  2.0277E-01  3.4264E+00  1.6482E+01
  8.2873E+03  1.6540E-01  2.4776E-01  3.4264E+00  1.6482E+01
  1.0922E+04  1.7027E-01  3.0683E-01  3.4264E+00  1.6481E+01
  1.4395E+04  1.7601E-01  3.7001E-01  3.4264E+00  1.6481E+01
  1.8972E+04  1.8293E-01  4.4300E-01  3.4264E+00  1.6481E+01
  2.5004E+04  1.9136E-01  5.3387E-01  3.4264E+00  1.6481E+01
  3.2955E+04  2.0097E-01  6.2525E-01  3.4264E+00  1.6481E+01
  4.3433E+04  2.1224E-01  7.1434E-01  3.4264E+00  1.6481E+01
  5.7242E+04  2.2615E-01  8.3078E-01  3.4263E+00  1.6481E+01
  7.5443E+04  2.4091E-01  9.0365E-01  3.4263E+00  1.6480E+01
  9.9430E+04  2.5926E-01  9.9694E-01  3.4263E+00  1.6480E+01
  1.3104E+05  2.7881E-01  1.0480E+00  3.4264E+00  1.6481E+01
  1.7271E+05  3.0159E-01  1.1035E+00  3.4264E+00  1.6483E+01
  2.2763E+05  3.2259E-01  1.1353E+00  3.4264E+00  1.6483E+01
  3.0000E+05  3.4954E-01  1.1705E+00  3.4264E+00  1.6483E+01
 Density     Ross opa    Planck opa  No. Free    Av Sq Free  T=  2.5000E+01
  1.0000E+02  1.1989E-01  7.9146E-04  3.4015E+00  1.6235E+01
  1.3180E+02  1.1992E-01  1.0448E-03  3.4046E+00  1.6265E+01
  1.7370E+02  1.1996E-01  1.3788E-03  3.4087E+00  1.6304E+01
  2.2893E+02  1.2001E-01  1.8162E-03  3.4120E+00  1.6334E+01
  3.0172E+02  1.2008E-01  2.3899E-03  3.4140E+00  1.6352E+01
  3.9765E+02  1.2016E-01  3.1460E-03  3.4168E+00  1.6375E+01
  5.2409E+02  1.2027E-01  4.1426E-03  3.4203E+00  1.6406E+01
  6.9072E+02  1.2040E-01  5.2827E-03  3.4200E+00  1.6401E+01
  9.1034E+02  1.2057E-01  6.8804E-03  3.4190E+00  1.6390E+01
  1.1998E+03  1.2079E-01  8.9861E-03  3.4178E+00  1.6376E+01
  1.5813E+03  1.2105E-01  1.1487E-02  3.4172E+00  1.6371E+01
  2.0840E+03  1.2138E-01  1.4757E-02  3.4192E+00  1.6395E+01
  2.7467E+03  1.2179E-01  1.8814E-02  3.4219E+00  1.6428E+01
  3.6200E+03  1.2230E-01  2.4440E-02  3.4253E+00  1.6470E+01
  4.7710E+03  1.2293E-01  3.0769E-02  3.4264E+00  1.6483E+01
  6.2880E+03  1.2371E-01  3.8805E-02  3.4264E+00  1.6483E+01
  8.2873E+03  1.2467E-01  4.9364E-02  3.4264E+00  1.6483E+01
  1.0922E+04  1.2584E-01  6.2392E-02  3.4264E+00  1.6482E+01
  1.4395E+04  1.2721E-01  7.6214E-02  3.4264E+00  1.6482E+01
  1.8972E+04  1.2891E-01  9.3415E-02  3.4264E+00  1.6482E+01
  2.5004E+04  1.3100E-01  1.1704E-01  3.4264E+00  1.6482E+01
  3.2955E+04  1.3326E-01  1.3813E-01  3.4264E+00  1.6482E+01
  4.3433E+04  1.3599E-01  1.6409E-01  3.4264E+00  1.6482E+01
  5.7242E+04  1.3936E-01  1.9629E-01  3.4264E+00  1.6481E+01
  7.5443E+04  1.4358E-01  2.2881E-01  3.4264E+00  1.6481E+01
  9.9430E+04  1.4883E-01  2.6832E-01  3.4264E+00  1.6481E+01
  1.3104E+05  1.5506E-01  3.1248E-01  3.4264E+00  1.6481E+01
  1.7271E+05  1.6165E-01  3.4448E-01  3.4264E+00  1.6482E+01
  2.2763E+05  1.6980E-01  3.8244E-01  3.4264E+00  1.6483E+01
  3.0000E+05  1.7813E-01  4.0331E-01  3.4264E+00  1.6483E+01
 Density     Ross opa    Planck opa  No. Free    Av Sq Free  T=  4.0000E+01
  1.0000E+02  9.7818E-02  1.4879E-04  3.4098E+00  1.6295E+01
  1.3180E+02  9.7823E-02  1.9590E-04  3.4088E+00  1.6281E+01
  1.7370E+02  9.7830E-02  2.5840E-04  3.4090E+00  1.6285E+01
  2.2893E+02  9.7838E-02  3.4108E-04  3.4106E+00  1.6307E+01
  3.0172E+02  9.7850E-02  4.5004E-04  3.4126E+00  1.6336E+01
  3.9765E+02  9.7864E-02  5.9365E-04  3.4153E+00  1.6375E+01
  5.2409E+02  9.7883E-02  7.8120E-04  3.4166E+00  1.6386E+01
  6.9072E+02  9.7907E-02  1.0283E-03  3.4182E+00  1.6399E+01
  9.1034E+02  9.7938E-02  1.3541E-03  3.4204E+00  1.6417E+01
  1.1998E+03  9.7978E-02  1.7733E-03  3.4222E+00  1.6431E+01
  1.5813E+03  9.8029E-02  2.2651E-03  3.4225E+00  1.6433E+01
  2.0840E+03  9.8094E-02  2.9579E-03  3.4229E+00  1.6436E+01
  2.7467E+03  9.8178E-02  3.8710E-03  3.4235E+00  1.6440E+01
  3.6200E+03  9.8283E-02  4.9262E-03  3.4240E+00  1.6447E+01
  4.7710E+03  9.8416E-02  6.3831E-03  3.4247E+00  1.6456E+01
  6.2880E+03  9.8586E-02  8.1854E-03  3.4255E+00  1.6470E+01
  8.2873E+03  9.8801E-02  1.0622E-02  3.4264E+00  1.6483E+01
  1.0922E+04  9.9065E-02  1.3341E-02  3.4264E+00  1.6483E+01
  1.4395E+04  9.9399E-02  1.6918E-02  3.4264E+00  1.6483E+01
  1.8972E+04  9.9820E-02  2.1617E-02  3.4264E+00  1.6483E+01
  2.5004E+04  1.0032E-01  2.6675E-02  3.4264E+00  1.6483E+01
  3.2955E+04  1.0094E-01  3.2693E-02  3.4264E+00  1.6483E+01
  4.3433E+04  1.0172E-01  4.0597E-02  3.4264E+00  1.6482E+01
  5.7242E+04  1.0264E-01  4.9482E-02  3.4264E+00  1.6482E+01
  7.5443E+04  1.0369E-01  5.9059E-02  3.4264E+00  1.6482E+01
  9.9430E+04  1.0500E-01  7.0283E-02  3.4264E+00  1.6482E+01
  1.3104E+05  1.0663E-01  8.4585E-02  3.4264E+00  1.6482E+01
  1.7271E+05  1.0867E-01  9.8228E-02  3.4264E+00  1.6482E+01
  2.2763E+05  1.1121E-01  1.1606E-01  3.4264E+00  1.6483E+01
  3.0000E+05  1.1400E-01  1.3226E-01  3.4264E+00  1.6483E+01
 Density     Ross opa    Planck opa  No. Free    Av Sq Free  T=  6.0000E+01
  1.0000E+02  7.9858E-02  3.5482E-05  3.4131E+00  1.6342E+01
  1.3180E+02  7.9859E-02  4.6748E-05  3.4133E+00  1.6342E+01
  1.7370E+02  7.9860E-02  6.1596E-05  3.4135E+00  1.6342E+01
  2.2893E+02  7.9862E-02  8.1164E-05  3.4139E+00  1.6342E+01
  3.0172E+02  7.9864E-02  1.0705E-04  3.4148E+00  1.6348E+01
  3.9765E+02  7.9867E-02  1.4134E-04  3.4166E+00  1.6367E+01
  5.2409E+02  7.9871E-02  1.8653E-04  3.4190E+00  1.6393E+01
  6.9072E+02  7.9876E-02  2.4609E-04  3.4222E+00  1.6427E+01
  9.1034E+02  7.9883E-02  3.2361E-04  3.4229E+00  1.6435E+01
  1.1998E+03  7.9891E-02  4.2549E-04  3.4227E+00  1.6434E+01
  1.5813E+03  7.9903E-02  5.5976E-04  3.4224E+00  1.6433E+01
  2.0840E+03  7.9917E-02  7.3525E-04  3.4223E+00  1.6434E+01
  2.7467E+03  7.9936E-02  9.5857E-04  3.4230E+00  1.6441E+01
  3.6200E+03  7.9960E-02  1.2298E-03  3.4239E+00  1.6451E+01
  4.7710E+03  7.9992E-02  1.6114E-03  3.4251E+00  1.6465E+01
  6.2880E+03  8.0033E-02  2.0976E-03  3.4257E+00  1.6473E+01
  8.2873E+03  8.0085E-02  2.6811E-03  3.4259E+00  1.6475E+01
  1.0922E+04  8.0153E-02  3.4971E-03  3.4261E+00  1.6479E+01
  1.4395E+04  8.0239E-02  4.5047E-03  3.4264E+00  1.6483E+01
  1.8972E+04  8.0347E-02  5.7438E-03  3.4264E+00  1.6483E+01
  2.5004E+04  8.0486E-02  7.2817E-03  3.4264E+00  1.6483E+01
  3.2955E+04  8.0662E-02  9.3023E-03  3.4264E+00  1.6483E+01
  4.3433E+04  8.0879E-02  1.1625E-02  3.4264E+00  1.6483E+01
  5.7242E+04  8.1146E-02  1.4249E-02  3.4264E+00  1.6483E+01
  7.5443E+04  8.1486E-02  1.7696E-02  3.4264E+00  1.6483E+01
  9.9430E+04  8.1910E-02  2.2067E-02  3.4264E+00  1.6482E+01
  1.3104E+05  8.2377E-02  2.5905E-02  3.4264E+00  1.6483E+01
  1.7271E+05  8.2969E-02  3.0930E-02  3.4264E+00  1.6483E+01
  2.2763E+05  8.3717E-02  3.7437E-02  3.4264E+00  1.6483E+01
  3.0000E+05  8.4646E-02  4.3730E-02  3.4264E+00  1.6483E+01
 Density     Ross opa    Planck opa  No. Free    Av Sq Free  T=  1.0000E+02
  1.0000E+02  5.9395E-02  5.8565E-06  3.4203E+00  1.6415E+01
  1.3180E+02  5.9395E-02  7.7116E-06  3.4198E+00  1.6407E+01
  1.7370E+02  5.9395E-02  1.0157E-05  3.4192E+00  1.6398E+01
  2.2893E+02  5.9396E-02  1.3382E-05  3.4186E+00  1.6389E+01
  3.0172E+02  5.9396E-02  1.7641E-05  3.4189E+00  1.6394E+01
  3.9765E+02  5.9396E-02  2.3255E-05  3.4192E+00  1.6399E+01
  5.2409E+02  5.9397E-02  3.0655E-05  3.4197E+00  1.6407E+01
  6.9072E+02  5.9398E-02  4.0418E-05  3.4204E+00  1.6415E+01
  9.1034E+02  5.9399E-02  5.3293E-05  3.4213E+00  1.6424E+01
  1.1998E+03  5.9400E-02  7.0262E-05  3.4225E+00  1.6437E+01
  1.5813E+03  5.9401E-02  9.2621E-05  3.4241E+00  1.6453E+01
  2.0840E+03  5.9403E-02  1.2172E-04  3.4238E+00  1.6449E+01
  2.7467E+03  5.9406E-02  1.6008E-04  3.4233E+00  1.6445E+01
  3.6200E+03  5.9410E-02  2.1063E-04  3.4228E+00  1.6439E+01
  4.7710E+03  5.9415E-02  2.7736E-04  3.4226E+00  1.6437E+01
  6.2880E+03  5.9421E-02  3.6552E-04  3.4234E+00  1.6448E+01
  8.2873E+03  5.9430E-02  4.8171E-04  3.4246E+00  1.6461E+01
  1.0922E+04  5.9441E-02  6.2285E-04  3.4260E+00  1.6479E+01
  1.4395E+04  5.9455E-02  8.1476E-04  3.4264E+00  1.6483E+01
  1.8972E+04  5.9474E-02  1.0658E-03  3.4264E+00  1.6483E+01
  2.5004E+04  5.9499E-02  1.3745E-03  3.4264E+00  1.6483E+01
  3.2955E+04  5.9531E-02  1.7955E-03  3.4264E+00  1.6483E+01
  4.3433E+04  5.9573E-02  2.2790E-03  3.4264E+00  1.6483E+01
  5.7242E+04  5.9627E-02  2.9534E-03  3.4264E+00  1.6483E+01
  7.5443E+04  5.9697E-02  3.7949E-03  3.4264E+00  1.6483E+01
  9.9430E+04  5.9781E-02  4.6894E-03  3.4264E+00  1.6483E+01
  1.3104E+05  5.9886E-02  5.7605E-03  3.4264E+00  1.6483E+01
  1.7271E+05  6.0022E-02  7.1695E-03  3.4264E+00  1.6483E+01
  2.2763E+05  6.0187E-02  8.8196E-03  3.4264E+00  1.6483E+01
  3.0000E+05  6.0379E-02  1.0398E-02  3.4264E+00  1.6483E+01
