 Density     Ross opa    Planck opa  No. Free    Av Sq Free  T=  1.0000E-01
  1.0000E+02  4.6177E+03  8.2129E+03  2.8573E+00  1.0006E+01
  1.3180E+02  4.6177E+03  8.2129E+03  2.8573E+00  1.0006E+01
  1.7370E+02  4.6177E+03  8.2129E+03  2.8573E+00  1.0006E+01
  2.2893E+02  4.6177E+03  8.2129E+03  2.8573E+00  1.0006E+01
  3.0172E+02  4.6177E+03  8.2129E+03  2.8573E+00  1.0006E+01
  3.9765E+02  4.6177E+03  8.2129E+03  2.8573E+00  1.0006E+01
  5.2409E+02  4.6177E+03  8.2129E+03  2.8573E+00  1.0006E+01
  6.9072E+02  4.6177E+03  8.2129E+03  2.8573E+00  1.0006E+01
  9.1034E+02  4.6177E+03  8.2129E+03  2.8573E+00  1.0006E+01
  1.1998E+03  4.6177E+03  8.2129E+03  2.8573E+00  1.0006E+01
  1.5813E+03  4.6177E+03  8.2129E+03  2.8573E+00  1.0006E+01
  2.0840E+03  4.6177E+03  8.2129E+03  2.8573E+00  1.0006E+01
  2.7467E+03  4.6177E+03  8.2129E+03  2.8573E+00  1.0006E+01
  3.6200E+03  4.6177E+03  8.2129E+03  2.8573E+00  1.0006E+01
  4.7710E+03  4.6177E+03  8.2129E+03  2.8573E+00  1.0006E+01
  6.2880E+03  4.6177E+03  8.2129E+03  2.8573E+00  1.0006E+01
  8.2873E+03  4.6177E+03  8.2129E+03  2.8573E+00  1.0006E+01
  1.0922E+04  4.6177E+03  8.2129E+03  2.8573E+00  1.0006E+01
  1.4395E+04  4.6177E+03  8.2129E+03  2.8573E+00  1.0006E+01
  1.8972E+04  4.6177E+03  8.2129E+03  2.8573E+00  1.0006E+01
  2.5004E+04  4.6177E+03  8.2129E+03  2.8573E+00  1.0006E+01
  3.2955E+04  4.6177E+03  8.2129E+03  2.8573E+00  1.0006E+01
  4.3433E+04  4.6177E+03  8.2129E+03  2.8573E+00  1.0006E+01
  5.7242E+04  4.6177E+03  8.2129E+03  2.8573E+00  1.0006E+01
  7.5443E+04  4.6177E+03  8.2129E+03  2.8573E+00  1.0006E+01
  9.9430E+04  4.6177E+03  8.2129E+03  2.8573E+00  1.0006E+01
  1.3104E+05  4.6177E+03  8.2129E+03  2.8573E+00  1.0006E+01
  1.7271E+05  4.6177E+03  8.2129E+03  2.8573E+00  1.0006E+01
  2.2763E+05  4.6177E+03  8.2129E+03  2.8573E+00  1.0006E+01
  3.0000E+05  4.6177E+03  8.2129E+03  2.8573E+00  1.0006E+01
 Density     Ross opa    Planck opa  No. Free    Av Sq Free  T=  1.2500E-01
  1.0000E+02  3.0971E+03  6.6367E+03  2.9097E+00  1.0517E+01
  1.3180E+02  3.0971E+03  6.6367E+03  2.9097E+00  1.0517E+01
  1.7370E+02  3.0971E+03  6.6367E+03  2.9097E+00  1.0517E+01
  2.2893E+02  3.0971E+03  6.6367E+03  2.9097E+00  1.0517E+01
  3.0172E+02  3.0971E+03  6.6367E+03  2.9097E+00  1.0517E+01
  3.9765E+02  3.0971E+03  6.6367E+03  2.9097E+00  1.0517E+01
  5.2409E+02  3.0971E+03  6.6367E+03  2.9097E+00  1.0517E+01
  6.9072E+02  3.0971E+03  6.6367E+03  2.9097E+00  1.0517E+01
  9.1034E+02  3.0971E+03  6.6367E+03  2.9097E+00  1.0517E+01
  1.1998E+03  3.0971E+03  6.6367E+03  2.9097E+00  1.0517E+01
  1.5813E+03  3.0971E+03  6.6367E+03  2.9097E+00  1.0517E+01
  2.0840E+03  3.0971E+03  6.6367E+03  2.9097E+00  1.0517E+01
  2.7467E+03  3.0971E+03  6.6367E+03  2.9097E+00  1.0517E+01
  3.6200E+03  3.0971E+03  6.6367E+03  2.9097E+00  1.0517E+01
  4.7710E+03  3.0971E+03  6.6367E+03  2.9097E+00  1.0517E+01
  6.2880E+03  3.0971E+03  6.6367E+03  2.9097E+00  1.0517E+01
  8.2873E+03  3.0971E+03  6.6367E+03  2.9097E+00  1.0517E+01
  1.0922E+04  3.0971E+03  6.6367E+03  2.9097E+00  1.0517E+01
  1.4395E+04  3.0971E+03  6.6367E+03  2.9097E+00  1.0517E+01
  1.8972E+04  3.0971E+03  6.6367E+03  2.9097E+00  1.0517E+01
  2.5004E+04  3.0971E+03  6.6367E+03  2.9097E+00  1.0517E+01
  3.2955E+04  3.0971E+03  6.6367E+03  2.9097E+00  1.0517E+01
  4.3433E+04  3.0971E+03  6.6367E+03  2.9097E+00  1.0517E+01
  5.7242E+04  3.0971E+03  6.6367E+03  2.9097E+00  1.0517E+01
  7.5443E+04  3.0971E+03  6.6367E+03  2.9097E+00  1.0517E+01
  9.9430E+04  3.0971E+03  6.6367E+03  2.9097E+00  1.0517E+01
  1.3104E+05  3.0971E+03  6.6367E+03  2.9097E+00  1.0517E+01
  1.7271E+05  3.0971E+03  6.6367E+03  2.9097E+00  1.0517E+01
  2.2763E+05  3.0971E+03  6.6367E+03  2.9097E+00  1.0517E+01
  3.0000E+05  3.0971E+03  6.6367E+03  2.9097E+00  1.0517E+01
 Density     Ross opa    Planck opa  No. Free    Av Sq Free  T=  1.5000E-01
  1.0000E+02  1.9826E+03  5.4774E+03  2.9579E+00  1.1013E+01
  1.3180E+02  1.9826E+03  5.4774E+03  2.9579E+00  1.1013E+01
  1.7370E+02  1.9826E+03  5.4774E+03  2.9579E+00  1.1013E+01
  2.2893E+02  1.9826E+03  5.4774E+03  2.9579E+00  1.1013E+01
  3.0172E+02  1.9826E+03  5.4774E+03  2.9579E+00  1.1013E+01
  3.9765E+02  1.9826E+03  5.4774E+03  2.9579E+00  1.1013E+01
  5.2409E+02  1.9826E+03  5.4774E+03  2.9579E+00  1.1013E+01
  6.9072E+02  1.9826E+03  5.4774E+03  2.9579E+00  1.1013E+01
  9.1034E+02  1.9826E+03  5.4774E+03  2.9579E+00  1.1013E+01
  1.1998E+03  1.9826E+03  5.4774E+03  2.9579E+00  1.1013E+01
  1.5813E+03  1.9826E+03  5.4774E+03  2.9579E+00  1.1013E+01
  2.0840E+03  1.9826E+03  5.4774E+03  2.9579E+00  1.1013E+01
  2.7467E+03  1.9826E+03  5.4774E+03  2.9579E+00  1.1013E+01
  3.6200E+03  1.9826E+03  5.4774E+03  2.9579E+00  1.1013E+01
  4.7710E+03  1.9826E+03  5.4774E+03  2.9579E+00  1.1013E+01
  6.2880E+03  1.9826E+03  5.4774E+03  2.9579E+00  1.1013E+01
  8.2873E+03  1.9826E+03  5.4774E+03  2.9579E+00  1.1013E+01
  1.0922E+04  1.9826E+03  5.4774E+03  2.9579E+00  1.1013E+01
  1.4395E+04  1.9826E+03  5.4774E+03  2.9579E+00  1.1013E+01
  1.8972E+04  1.9826E+03  5.4774E+03  2.9579E+00  1.1013E+01
  2.5004E+04  1.9826E+03  5.4774E+03  2.9579E+00  1.1013E+01
  3.2955E+04  1.9826E+03  5.4774E+03  2.9579E+00  1.1013E+01
  4.3433E+04  1.9826E+03  5.4774E+03  2.9579E+00  1.1013E+01
  5.7242E+04  1.9826E+03  5.4774E+03  2.9579E+00  1.1013E+01
  7.5443E+04  1.9826E+03  5.4774E+03  2.9579E+00  1.1013E+01
  9.9430E+04  1.9826E+03  5.4774E+03  2.9579E+00  1.1013E+01
  1.3104E+05  1.9826E+03  5.4774E+03  2.9579E+00  1.1013E+01
  1.7271E+05  1.9826E+03  5.4774E+03  2.9579E+00  1.1013E+01
  2.2763E+05  1.9826E+03  5.4774E+03  2.9579E+00  1.1013E+01
  3.0000E+05  1.9826E+03  5.4774E+03  2.9579E+00  1.1013E+01
 Density     Ross opa    Planck opa  No. Free    Av Sq Free  T=  2.0000E-01
  1.0000E+02  8.6382E+02  3.5486E+03  3.0367E+00  1.1854E+01
  1.3180E+02  8.6382E+02  3.5486E+03  3.0367E+00  1.1854E+01
  1.7370E+02  8.6382E+02  3.5486E+03  3.0367E+00  1.1854E+01
  2.2893E+02  8.6382E+02  3.5486E+03  3.0367E+00  1.1854E+01
  3.0172E+02  8.6382E+02  3.5486E+03  3.0367E+00  1.1854E+01
  3.9765E+02  8.6382E+02  3.5486E+03  3.0367E+00  1.1854E+01
  5.2409E+02  8.6382E+02  3.5486E+03  3.0367E+00  1.1854E+01
  6.9072E+02  8.6382E+02  3.5486E+03  3.0367E+00  1.1854E+01
  9.1034E+02  8.6382E+02  3.5486E+03  3.0367E+00  1.1854E+01
  1.1998E+03  8.6382E+02  3.5486E+03  3.0367E+00  1.1854E+01
  1.5813E+03  8.6382E+02  3.5486E+03  3.0367E+00  1.1854E+01
  2.0840E+03  8.6382E+02  3.5486E+03  3.0367E+00  1.1854E+01
  2.7467E+03  8.6382E+02  3.5486E+03  3.0367E+00  1.1854E+01
  3.6200E+03  8.6382E+02  3.5486E+03  3.0367E+00  1.1854E+01
  4.7710E+03  8.6382E+02  3.5486E+03  3.0367E+00  1.1854E+01
  6.2880E+03  8.6382E+02  3.5486E+03  3.0367E+00  1.1854E+01
  8.2873E+03  8.6382E+02  3.5486E+03  3.0367E+00  1.1854E+01
  1.0922E+04  8.6382E+02  3.5486E+03  3.0367E+00  1.1854E+01
  1.4395E+04  8.6382E+02  3.5486E+03  3.0367E+00  1.1854E+01
  1.8972E+04  8.6382E+02  3.5486E+03  3.0367E+00  1.1854E+01
  2.5004E+04  8.6382E+02  3.5486E+03  3.0367E+00  1.1854E+01
  3.2955E+04  8.6382E+02  3.5486E+03  3.0367E+00  1.1854E+01
  4.3433E+04  8.6382E+02  3.5486E+03  3.0367E+00  1.1854E+01
  5.7242E+04  8.6382E+02  3.5486E+03  3.0367E+00  1.1854E+01
  7.5443E+04  8.6382E+02  3.5486E+03  3.0367E+00  1.1854E+01
  9.9430E+04  8.6382E+02  3.5486E+03  3.0367E+00  1.1854E+01
  1.3104E+05  8.6382E+02  3.5486E+03  3.0367E+00  1.1854E+01
  1.7271E+05  8.6382E+02  3.5486E+03  3.0367E+00  1.1854E+01
  2.2763E+05  8.6382E+02  3.5486E+03  3.0367E+00  1.1854E+01
  3.0000E+05  8.6382E+02  3.5486E+03  3.0367E+00  1.1854E+01
 Density     Ross opa    Planck opa  No. Free    Av Sq Free  T=  2.5000E-01
  1.0000E+02  4.3232E+02  2.4180E+03  3.0876E+00  1.2417E+01
  1.3180E+02  4.3232E+02  2.4180E+03  3.0876E+00  1.2417E+01
  1.7370E+02  4.3232E+02  2.4180E+03  3.0876E+00  1.2417E+01
  2.2893E+02  4.3232E+02  2.4180E+03  3.0876E+00  1.2417E+01
  3.0172E+02  4.3232E+02  2.4180E+03  3.0876E+00  1.2417E+01
  3.9765E+02  4.3232E+02  2.4180E+03  3.0876E+00  1.2417E+01
  5.2409E+02  4.3232E+02  2.4180E+03  3.0876E+00  1.2417E+01
  6.9072E+02  4.3232E+02  2.4180E+03  3.0876E+00  1.2417E+01
  9.1034E+02  4.3232E+02  2.4180E+03  3.0876E+00  1.2417E+01
  1.1998E+03  4.3232E+02  2.4180E+03  3.0876E+00  1.2417E+01
  1.5813E+03  4.3232E+02  2.4180E+03  3.0876E+00  1.2417E+01
  2.0840E+03  4.3232E+02  2.4180E+03  3.0876E+00  1.2417E+01
  2.7467E+03  4.3232E+02  2.4180E+03  3.0876E+00  1.2417E+01
  3.6200E+03  4.3232E+02  2.4180E+03  3.0876E+00  1.2417E+01
  4.7710E+03  4.3232E+02  2.4180E+03  3.0876E+00  1.2417E+01
  6.2880E+03  4.3232E+02  2.4180E+03  3.0876E+00  1.2417E+01
  8.2873E+03  4.3232E+02  2.4180E+03  3.0876E+00  1.2417E+01
  1.0922E+04  4.3232E+02  2.4180E+03  3.0876E+00  1.2417E+01
  1.4395E+04  4.3232E+02  2.4180E+03  3.0876E+00  1.2417E+01
  1.8972E+04  4.3232E+02  2.4180E+03  3.0876E+00  1.2417E+01
  2.5004E+04  4.3232E+02  2.4180E+03  3.0876E+00  1.2417E+01
  3.2955E+04  4.3232E+02  2.4180E+03  3.0876E+00  1.2417E+01
  4.3433E+04  4.3232E+02  2.4180E+03  3.0876E+00  1.2417E+01
  5.7242E+04  4.3232E+02  2.4180E+03  3.0876E+00  1.2417E+01
  7.5443E+04  4.3232E+02  2.4180E+03  3.0876E+00  1.2417E+01
  9.9430E+04  4.3232E+02  2.4180E+03  3.0876E+00  1.2417E+01
  1.3104E+05  4.3232E+02  2.4180E+03  3.0876E+00  1.2417E+01
  1.7271E+05  4.3232E+02  2.4180E+03  3.0876E+00  1.2417E+01
  2.2763E+05  4.3232E+02  2.4180E+03  3.0876E+00  1.2417E+01
  3.0000E+05  4.3232E+02  2.4180E+03  3.0876E+00  1.2417E+01
 Density     Ross opa    Planck opa  No. Free    Av Sq Free  T=  3.0000E-01
  1.0000E+02  2.4212E+02  1.7136E+03  3.1246E+00  1.2842E+01
  1.3180E+02  2.4212E+02  1.7136E+03  3.1246E+00  1.2842E+01
  1.7370E+02  2.4212E+02  1.7136E+03  3.1246E+00  1.2842E+01
  2.2893E+02  2.4212E+02  1.7136E+03  3.1246E+00  1.2842E+01
  3.0172E+02  2.4212E+02  1.7136E+03  3.1246E+00  1.2842E+01
  3.9765E+02  2.4212E+02  1.7136E+03  3.1246E+00  1.2842E+01
  5.2409E+02  2.4212E+02  1.7136E+03  3.1246E+00  1.2842E+01
  6.9072E+02  2.4212E+02  1.7136E+03  3.1246E+00  1.2842E+01
  9.1034E+02  2.4212E+02  1.7136E+03  3.1246E+00  1.2842E+01
  1.1998E+03  2.4212E+02  1.7136E+03  3.1246E+00  1.2842E+01
  1.5813E+03  2.4212E+02  1.7136E+03  3.1246E+00  1.2842E+01
  2.0840E+03  2.4212E+02  1.7136E+03  3.1246E+00  1.2842E+01
  2.7467E+03  2.4212E+02  1.7136E+03  3.1246E+00  1.2842E+01
  3.6200E+03  2.4212E+02  1.7136E+03  3.1246E+00  1.2842E+01
  4.7710E+03  2.4212E+02  1.7136E+03  3.1246E+00  1.2842E+01
  6.2880E+03  2.4212E+02  1.7136E+03  3.1246E+00  1.2842E+01
  8.2873E+03  2.4212E+02  1.7136E+03  3.1246E+00  1.2842E+01
  1.0922E+04  2.4212E+02  1.7136E+03  3.1246E+00  1.2842E+01
  1.4395E+04  2.4212E+02  1.7136E+03  3.1246E+00  1.2842E+01
  1.8972E+04  2.4212E+02  1.7136E+03  3.1246E+00  1.2842E+01
  2.5004E+04  2.4212E+02  1.7136E+03  3.1246E+00  1.2842E+01
  3.2955E+04  2.4212E+02  1.7136E+03  3.1246E+00  1.2842E+01
  4.3433E+04  2.4212E+02  1.7136E+03  3.1246E+00  1.2842E+01
  5.7242E+04  2.4212E+02  1.7136E+03  3.1246E+00  1.2842E+01
  7.5443E+04  2.4212E+02  1.7136E+03  3.1246E+00  1.2842E+01
  9.9430E+04  2.4212E+02  1.7136E+03  3.1246E+00  1.2842E+01
  1.3104E+05  2.4212E+02  1.7136E+03  3.1246E+00  1.2842E+01
  1.7271E+05  2.4212E+02  1.7136E+03  3.1246E+00  1.2842E+01
  2.2763E+05  2.4212E+02  1.7136E+03  3.1246E+00  1.2842E+01
  3.0000E+05  2.4212E+02  1.7136E+03  3.1246E+00  1.2842E+01
 Density     Ross opa    Planck opa  No. Free    Av Sq Free  T=  4.0000E-01
  1.0000E+02  9.6325E+01  9.4879E+02  3.1732E+00  1.3422E+01
  1.3180E+02  9.6325E+01  9.4879E+02  3.1732E+00  1.3422E+01
  1.7370E+02  9.6325E+01  9.4879E+02  3.1732E+00  1.3422E+01
  2.2893E+02  9.6325E+01  9.4879E+02  3.1732E+00  1.3422E+01
  3.0172E+02  9.6325E+01  9.4879E+02  3.1732E+00  1.3422E+01
  3.9765E+02  9.6325E+01  9.4879E+02  3.1732E+00  1.3422E+01
  5.2409E+02  9.6325E+01  9.4879E+02  3.1732E+00  1.3422E+01
  6.9072E+02  9.6325E+01  9.4879E+02  3.1732E+00  1.3422E+01
  9.1034E+02  9.6325E+01  9.4879E+02  3.1732E+00  1.3422E+01
  1.1998E+03  9.6325E+01  9.4879E+02  3.1732E+00  1.3422E+01
  1.5813E+03  9.6325E+01  9.4879E+02  3.1732E+00  1.3422E+01
  2.0840E+03  9.6325E+01  9.4879E+02  3.1732E+00  1.3422E+01
  2.7467E+03  9.6325E+01  9.4879E+02  3.1732E+00  1.3422E+01
  3.6200E+03  9.6325E+01  9.4879E+02  3.1732E+00  1.3422E+01
  4.7710E+03  9.6325E+01  9.4879E+02  3.1732E+00  1.3422E+01
  6.2880E+03  9.6325E+01  9.4879E+02  3.1732E+00  1.3422E+01
  8.2873E+03  9.6325E+01  9.4879E+02  3.1732E+00  1.3422E+01
  1.0922E+04  9.6325E+01  9.4879E+02  3.1732E+00  1.3422E+01
  1.4395E+04  9.6325E+01  9.4879E+02  3.1732E+00  1.3422E+01
  1.8972E+04  9.6325E+01  9.4879E+02  3.1732E+00  1.3422E+01
  2.5004E+04  9.6325E+01  9.4879E+02  3.1732E+00  1.3422E+01
  3.2955E+04  9.6325E+01  9.4879E+02  3.1732E+00  1.3422E+01
  4.3433E+04  9.6325E+01  9.4879E+02  3.1732E+00  1.3422E+01
  5.7242E+04  9.6325E+01  9.4879E+02  3.1732E+00  1.3422E+01
  7.5443E+04  9.6325E+01  9.4879E+02  3.1732E+00  1.3422E+01
  9.9430E+04  9.6325E+01  9.4879E+02  3.1732E+00  1.3422E+01
  1.3104E+05  9.6325E+01  9.4879E+02  3.1732E+00  1.3422E+01
  1.7271E+05  9.6325E+01  9.4879E+02  3.1732E+00  1.3422E+01
  2.2763E+05  9.6325E+01  9.4879E+02  3.1732E+00  1.3422E+01
  3.0000E+05  9.6325E+01  9.4879E+02  3.1732E+00  1.3422E+01
 Density     Ross opa    Planck opa  No. Free    Av Sq Free  T=  5.0000E-01
  1.0000E+02  5.1618E+01  6.0847E+02  3.1899E+00  1.3621E+01
  1.3180E+02  5.7580E+01  6.6156E+02  3.1736E+00  1.3413E+01
  1.7370E+02  6.5418E+01  7.2488E+02  3.1520E+00  1.3140E+01
  2.2893E+02  6.7939E+01  7.4476E+02  3.1450E+00  1.3052E+01
  3.0172E+02  6.7939E+01  7.4476E+02  3.1450E+00  1.3052E+01
  3.9765E+02  6.7939E+01  7.4476E+02  3.1450E+00  1.3052E+01
  5.2409E+02  6.7939E+01  7.4476E+02  3.1450E+00  1.3052E+01
  6.9072E+02  6.7939E+01  7.4476E+02  3.1450E+00  1.3052E+01
  9.1034E+02  6.7939E+01  7.4476E+02  3.1450E+00  1.3052E+01
  1.1998E+03  6.7939E+01  7.4476E+02  3.1450E+00  1.3052E+01
  1.5813E+03  6.7939E+01  7.4476E+02  3.1450E+00  1.3052E+01
  2.0840E+03  6.7939E+01  7.4476E+02  3.1450E+00  1.3052E+01
  2.7467E+03  6.7939E+01  7.4476E+02  3.1450E+00  1.3052E+01
  3.6200E+03  6.7939E+01  7.4476E+02  3.1450E+00  1.3052E+01
  4.7710E+03  6.7939E+01  7.4476E+02  3.1450E+00  1.3052E+01
  6.2880E+03  6.7939E+01  7.4476E+02  3.1450E+00  1.3052E+01
  8.2873E+03  6.7939E+01  7.4476E+02  3.1450E+00  1.3052E+01
  1.0922E+04  6.7939E+01  7.4476E+02  3.1450E+00  1.3052E+01
  1.4395E+04  6.7939E+01  7.4476E+02  3.1450E+00  1.3052E+01
  1.8972E+04  6.7939E+01  7.4476E+02  3.1450E+00  1.3052E+01
  2.5004E+04  6.7939E+01  7.4476E+02  3.1450E+00  1.3052E+01
  3.2955E+04  6.7939E+01  7.4476E+02  3.1450E+00  1.3052E+01
  4.3433E+04  6.7939E+01  7.4476E+02  3.1450E+00  1.3052E+01
  5.7242E+04  6.7939E+01  7.4476E+02  3.1450E+00  1.3052E+01
  7.5443E+04  6.7939E+01  7.4476E+02  3.1450E+00  1.3052E+01
  9.9430E+04  6.7939E+01  7.4476E+02  3.1450E+00  1.3052E+01
  1.3104E+05  6.7939E+01  7.4476E+02  3.1450E+00  1.3052E+01
  1.7271E+05  6.7939E+01  7.4476E+02  3.1450E+00  1.3052E+01
  2.2763E+05  6.7939E+01  7.4476E+02  3.1450E+00  1.3052E+01
  3.0000E+05  6.7939E+01  7.4476E+02  3.1450E+00  1.3052E+01
 Density     Ross opa    Planck opa  No. Free    Av Sq Free  T=  6.0000E-01
  1.0000E+02  2.6760E+01  3.6956E+02  3.2229E+00  1.4031E+01
  1.3180E+02  2.9520E+01  3.9461E+02  3.2253E+00  1.4027E+01
  1.7370E+02  3.2733E+01  4.1967E+02  3.2352E+00  1.4095E+01
  2.2893E+02  3.6962E+01  4.5208E+02  3.2483E+00  1.4186E+01
  3.0172E+02  3.7663E+01  4.5699E+02  3.2505E+00  1.4201E+01
  3.9765E+02  3.7663E+01  4.5699E+02  3.2505E+00  1.4201E+01
  5.2409E+02  3.7663E+01  4.5699E+02  3.2505E+00  1.4201E+01
  6.9072E+02  3.7663E+01  4.5699E+02  3.2505E+00  1.4201E+01
  9.1034E+02  3.7663E+01  4.5699E+02  3.2505E+00  1.4201E+01
  1.1998E+03  3.7663E+01  4.5699E+02  3.2505E+00  1.4201E+01
  1.5813E+03  3.7663E+01  4.5699E+02  3.2505E+00  1.4201E+01
  2.0840E+03  3.7663E+01  4.5699E+02  3.2505E+00  1.4201E+01
  2.7467E+03  3.7663E+01  4.5699E+02  3.2505E+00  1.4201E+01
  3.6200E+03  3.7663E+01  4.5699E+02  3.2505E+00  1.4201E+01
  4.7710E+03  3.7663E+01  4.5699E+02  3.2505E+00  1.4201E+01
  6.2880E+03  3.7663E+01  4.5699E+02  3.2505E+00  1.4201E+01
  8.2873E+03  3.7663E+01  4.5699E+02  3.2505E+00  1.4201E+01
  1.0922E+04  3.7663E+01  4.5699E+02  3.2505E+00  1.4201E+01
  1.4395E+04  3.7663E+01  4.5699E+02  3.2505E+00  1.4201E+01
  1.8972E+04  3.7663E+01  4.5699E+02  3.2505E+00  1.4201E+01
  2.5004E+04  3.7663E+01  4.5699E+02  3.2505E+00  1.4201E+01
  3.2955E+04  3.7663E+01  4.5699E+02  3.2505E+00  1.4201E+01
  4.3433E+04  3.7663E+01  4.5699E+02  3.2505E+00  1.4201E+01
  5.7242E+04  3.7663E+01  4.5699E+02  3.2505E+00  1.4201E+01
  7.5443E+04  3.7663E+01  4.5699E+02  3.2505E+00  1.4201E+01
  9.9430E+04  3.7663E+01  4.5699E+02  3.2505E+00  1.4201E+01
  1.3104E+05  3.7663E+01  4.5699E+02  3.2505E+00  1.4201E+01
  1.7271E+05  3.7663E+01  4.5699E+02  3.2505E+00  1.4201E+01
  2.2763E+05  3.7663E+01  4.5699E+02  3.2505E+00  1.4201E+01
  3.0000E+05  3.7663E+01  4.5699E+02  3.2505E+00  1.4201E+01
 Density     Ross opa    Planck opa  No. Free    Av Sq Free  T=  8.0000E-01
  1.0000E+02  8.8135E+00  1.4246E+02  3.2958E+00  1.4900E+01
  1.3180E+02  1.0480E+01  1.6871E+02  3.2697E+00  1.4586E+01
  1.7370E+02  1.2218E+01  1.9315E+02  3.2566E+00  1.4411E+01
  2.2893E+02  1.3604E+01  2.0429E+02  3.2823E+00  1.4659E+01
  3.0172E+02  1.5426E+01  2.1808E+02  3.3162E+00  1.4987E+01
  3.9765E+02  1.6795E+01  2.2808E+02  3.3417E+00  1.5233E+01
  5.2409E+02  1.6795E+01  2.2808E+02  3.3417E+00  1.5233E+01
  6.9072E+02  1.6795E+01  2.2808E+02  3.3417E+00  1.5233E+01
  9.1034E+02  1.6795E+01  2.2808E+02  3.3417E+00  1.5233E+01
  1.1998E+03  1.6795E+01  2.2808E+02  3.3417E+00  1.5233E+01
  1.5813E+03  1.6795E+01  2.2808E+02  3.3417E+00  1.5233E+01
  2.0840E+03  1.6795E+01  2.2808E+02  3.3417E+00  1.5233E+01
  2.7467E+03  1.6795E+01  2.2808E+02  3.3417E+00  1.5233E+01
  3.6200E+03  1.6795E+01  2.2808E+02  3.3417E+00  1.5233E+01
  4.7710E+03  1.6795E+01  2.2808E+02  3.3417E+00  1.5233E+01
  6.2880E+03  1.6795E+01  2.2808E+02  3.3417E+00  1.5233E+01
  8.2873E+03  1.6795E+01  2.2808E+02  3.3417E+00  1.5233E+01
  1.0922E+04  1.6795E+01  2.2808E+02  3.3417E+00  1.5233E+01
  1.4395E+04  1.6795E+01  2.2808E+02  3.3417E+00  1.5233E+01
  1.8972E+04  1.6795E+01  2.2808E+02  3.3417E+00  1.5233E+01
  2.5004E+04  1.6795E+01  2.2808E+02  3.3417E+00  1.5233E+01
  3.2955E+04  1.6795E+01  2.2808E+02  3.3417E+00  1.5233E+01
  4.3433E+04  1.6795E+01  2.2808E+02  3.3417E+00  1.5233E+01
  5.7242E+04  1.6795E+01  2.2808E+02  3.3417E+00  1.5233E+01
  7.5443E+04  1.6795E+01  2.2808E+02  3.3417E+00  1.5233E+01
  9.9430E+04  1.6795E+01  2.2808E+02  3.3417E+00  1.5233E+01
  1.3104E+05  1.6795E+01  2.2808E+02  3.3417E+00  1.5233E+01
  1.7271E+05  1.6795E+01  2.2808E+02  3.3417E+00  1.5233E+01
  2.2763E+05  1.6795E+01  2.2808E+02  3.3417E+00  1.5233E+01
  3.0000E+05  1.6795E+01  2.2808E+02  3.3417E+00  1.5233E+01
 Density     Ross opa    Planck opa  No. Free    Av Sq Free  T=  1.0000E+00
  1.0000E+02  4.0335E+00  6.8454E+01  3.3330E+00  1.5349E+01
  1.3180E+02  4.6412E+00  7.8878E+01  3.3253E+00  1.5240E+01
  1.7370E+02  5.4353E+00  9.2597E+01  3.3151E+00  1.5095E+01
  2.2893E+02  6.3906E+00  1.0738E+02  3.3071E+00  1.4970E+01
  3.0172E+02  7.2890E+00  1.1711E+02  3.3192E+00  1.5080E+01
  3.9765E+02  8.4668E+00  1.2864E+02  3.3352E+00  1.5225E+01
  5.2409E+02  9.6799E+00  1.4163E+02  3.3517E+00  1.5375E+01
  6.9072E+02  9.6799E+00  1.4163E+02  3.3517E+00  1.5375E+01
  9.1034E+02  9.6799E+00  1.4163E+02  3.3517E+00  1.5375E+01
  1.1998E+03  9.6799E+00  1.4163E+02  3.3517E+00  1.5375E+01
  1.5813E+03  9.6799E+00  1.4163E+02  3.3517E+00  1.5375E+01
  2.0840E+03  9.6799E+00  1.4163E+02  3.3517E+00  1.5375E+01
  2.7467E+03  9.6799E+00  1.4163E+02  3.3517E+00  1.5375E+01
  3.6200E+03  9.6799E+00  1.4163E+02  3.3517E+00  1.5375E+01
  4.7710E+03  9.6799E+00  1.4163E+02  3.3517E+00  1.5375E+01
  6.2880E+03  9.6799E+00  1.4163E+02  3.3517E+00  1.5375E+01
  8.2873E+03  9.6799E+00  1.4163E+02  3.3517E+00  1.5375E+01
  1.0922E+04  9.6799E+00  1.4163E+02  3.3517E+00  1.5375E+01
  1.4395E+04  9.6799E+00  1.4163E+02  3.3517E+00  1.5375E+01
  1.8972E+04  9.6799E+00  1.4163E+02  3.3517E+00  1.5375E+01
  2.5004E+04  9.6799E+00  1.4163E+02  3.3517E+00  1.5375E+01
  3.2955E+04  9.6799E+00  1.4163E+02  3.3517E+00  1.5375E+01
  4.3433E+04  9.6799E+00  1.4163E+02  3.3517E+00  1.5375E+01
  5.7242E+04  9.6799E+00  1.4163E+02  3.3517E+00  1.5375E+01
  7.5443E+04  9.6799E+00  1.4163E+02  3.3517E+00  1.5375E+01
  9.9430E+04  9.6799E+00  1.4163E+02  3.3517E+00  1.5375E+01
  1.3104E+05  9.6799E+00  1.4163E+02  3.3517E+00  1.5375E+01
  1.7271E+05  9.6799E+00  1.4163E+02  3.3517E+00  1.5375E+01
  2.2763E+05  9.6799E+00  1.4163E+02  3.3517E+00  1.5375E+01
  3.0000E+05  9.6799E+00  1.4163E+02  3.3517E+00  1.5375E+01
 Density     Ross opa    Planck opa  No. Free    Av Sq Free  T=  1.2500E+00
  1.0000E+02  1.9823E+00  3.2697E+01  3.3543E+00  1.5621E+01
  1.3180E+02  2.2945E+00  3.9208E+01  3.3459E+00  1.5509E+01
  1.7370E+02  2.5834E+00  4.4137E+01  3.3546E+00  1.5582E+01
  2.2893E+02  2.9597E+00  5.0595E+01  3.3661E+00  1.5677E+01
  3.0172E+02  3.4390E+00  5.8290E+01  3.3800E+00  1.5795E+01
  3.9765E+02  3.9233E+00  6.4545E+01  3.3832E+00  1.5836E+01
  5.2409E+02  4.5564E+00  7.2435E+01  3.3873E+00  1.5891E+01
  6.9072E+02  5.3613E+00  8.2525E+01  3.3926E+00  1.5962E+01
  9.1034E+02  5.3613E+00  8.2525E+01  3.3926E+00  1.5962E+01
  1.1998E+03  5.3613E+00  8.2525E+01  3.3926E+00  1.5962E+01
  1.5813E+03  5.3613E+00  8.2525E+01  3.3926E+00  1.5962E+01
  2.0840E+03  5.3613E+00  8.2525E+01  3.3926E+00  1.5962E+01
  2.7467E+03  5.3613E+00  8.2525E+01  3.3926E+00  1.5962E+01
  3.6200E+03  5.3613E+00  8.2525E+01  3.3926E+00  1.5962E+01
  4.7710E+03  5.3613E+00  8.2525E+01  3.3926E+00  1.5962E+01
  6.2880E+03  5.3613E+00  8.2525E+01  3.3926E+00  1.5962E+01
  8.2873E+03  5.3613E+00  8.2525E+01  3.3926E+00  1.5962E+01
  1.0922E+04  5.3613E+00  8.2525E+01  3.3926E+00  1.5962E+01
  1.4395E+04  5.3613E+00  8.2525E+01  3.3926E+00  1.5962E+01
  1.8972E+04  5.3613E+00  8.2525E+01  3.3926E+00  1.5962E+01
  2.5004E+04  5.3613E+00  8.2525E+01  3.3926E+00  1.5962E+01
  3.2955E+04  5.3613E+00  8.2525E+01  3.3926E+00  1.5962E+01
  4.3433E+04  5.3613E+00  8.2525E+01  3.3926E+00  1.5962E+01
  5.7242E+04  5.3613E+00  8.2525E+01  3.3926E+00  1.5962E+01
  7.5443E+04  5.3613E+00  8.2525E+01  3.3926E+00  1.5962E+01
  9.9430E+04  5.3613E+00  8.2525E+01  3.3926E+00  1.5962E+01
  1.3104E+05  5.3613E+00  8.2525E+01  3.3926E+00  1.5962E+01
  1.7271E+05  5.3613E+00  8.2525E+01  3.3926E+00  1.5962E+01
  2.2763E+05  5.3613E+00  8.2525E+01  3.3926E+00  1.5962E+01
  3.0000E+05  5.3613E+00  8.2525E+01  3.3926E+00  1.5962E+01
 Density     Ross opa    Planck opa  No. Free    Av Sq Free  T=  1.5000E+00
  1.0000E+02  1.1660E+00  1.7136E+01  3.3735E+00  1.5856E+01
  1.3180E+02  1.3518E+00  2.1406E+01  3.3593E+00  1.5683E+01
  1.7370E+02  1.5514E+00  2.5715E+01  3.3520E+00  1.5582E+01
  2.2893E+02  1.7517E+00  2.9226E+01  3.3598E+00  1.5646E+01
  3.0172E+02  2.0111E+00  3.3824E+01  3.3701E+00  1.5730E+01
  3.9765E+02  2.3360E+00  3.9554E+01  3.3830E+00  1.5840E+01
  5.2409E+02  2.6330E+00  4.3490E+01  3.3926E+00  1.5980E+01
  6.9072E+02  3.0205E+00  4.8453E+01  3.4054E+00  1.6164E+01
  9.1034E+02  3.4894E+00  5.4470E+01  3.4210E+00  1.6389E+01
  1.1998E+03  3.4894E+00  5.4470E+01  3.4210E+00  1.6389E+01
  1.5813E+03  3.4894E+00  5.4470E+01  3.4210E+00  1.6389E+01
  2.0840E+03  3.4894E+00  5.4470E+01  3.4210E+00  1.6389E+01
  2.7467E+03  3.4894E+00  5.4470E+01  3.4210E+00  1.6389E+01
  3.6200E+03  3.4894E+00  5.4470E+01  3.4210E+00  1.6389E+01
  4.7710E+03  3.4894E+00  5.4470E+01  3.4210E+00  1.6389E+01
  6.2880E+03  3.4894E+00  5.4470E+01  3.4210E+00  1.6389E+01
  8.2873E+03  3.4894E+00  5.4470E+01  3.4210E+00  1.6389E+01
  1.0922E+04  3.4894E+00  5.4470E+01  3.4210E+00  1.6389E+01
  1.4395E+04  3.4894E+00  5.4470E+01  3.4210E+00  1.6389E+01
  1.8972E+04  3.4894E+00  5.4470E+01  3.4210E+00  1.6389E+01
  2.5004E+04  3.4894E+00  5.4470E+01  3.4210E+00  1.6389E+01
  3.2955E+04  3.4894E+00  5.4470E+01  3.4210E+00  1.6389E+01
  4.3433E+04  3.4894E+00  5.4470E+01  3.4210E+00  1.6389E+01
  5.7242E+04  3.4894E+00  5.4470E+01  3.4210E+00  1.6389E+01
  7.5443E+04  3.4894E+00  5.4470E+01  3.4210E+00  1.6389E+01
  9.9430E+04  3.4894E+00  5.4470E+01  3.4210E+00  1.6389E+01
  1.3104E+05  3.4894E+00  5.4470E+01  3.4210E+00  1.6389E+01
  1.7271E+05  3.4894E+00  5.4470E+01  3.4210E+00  1.6389E+01
  2.2763E+05  3.4894E+00  5.4470E+01  3.4210E+00  1.6389E+01
  3.0000E+05  3.4894E+00  5.4470E+01  3.4210E+00  1.6389E+01
 Density     Ross opa    Planck opa  No. Free    Av Sq Free  T=  2.0000E+00
  1.0000E+02  5.9473E-01  6.2574E+00  3.3955E+00  1.6125E+01
  1.3180E+02  6.5128E-01  7.5058E+00  3.3978E+00  1.6138E+01
  1.7370E+02  7.2278E-01  9.0785E+00  3.4008E+00  1.6156E+01
  2.2893E+02  8.1332E-01  1.1123E+01  3.4048E+00  1.6180E+01
  3.0172E+02  9.1786E-01  1.3155E+01  3.4029E+00  1.6144E+01
  3.9765E+02  1.0502E+00  1.5654E+01  3.3997E+00  1.6092E+01
  5.2409E+02  1.2192E+00  1.8928E+01  3.3954E+00  1.6022E+01
  6.9072E+02  1.4031E+00  2.2086E+01  3.3967E+00  1.6037E+01
  9.1034E+02  1.6090E+00  2.5001E+01  3.4050E+00  1.6160E+01
  1.1998E+03  1.8755E+00  2.8687E+01  3.4160E+00  1.6322E+01
  1.5813E+03  2.0359E+00  3.1049E+01  3.4227E+00  1.6421E+01
  2.0840E+03  2.0359E+00  3.1049E+01  3.4227E+00  1.6421E+01
  2.7467E+03  2.0359E+00  3.1049E+01  3.4227E+00  1.6421E+01
  3.6200E+03  2.0359E+00  3.1049E+01  3.4227E+00  1.6421E+01
  4.7710E+03  2.0359E+00  3.1049E+01  3.4227E+00  1.6421E+01
  6.2880E+03  2.0359E+00  3.1049E+01  3.4227E+00  1.6421E+01
  8.2873E+03  2.0359E+00  3.1049E+01  3.4227E+00  1.6421E+01
  1.0922E+04  2.0359E+00  3.1049E+01  3.4227E+00  1.6421E+01
  1.4395E+04  2.0359E+00  3.1049E+01  3.4227E+00  1.6421E+01
  1.8972E+04  2.0359E+00  3.1049E+01  3.4227E+00  1.6421E+01
  2.5004E+04  2.0359E+00  3.1049E+01  3.4227E+00  1.6421E+01
  3.2955E+04  2.0359E+00  3.1049E+01  3.4227E+00  1.6421E+01
  4.3433E+04  2.0359E+00  3.1049E+01  3.4227E+00  1.6421E+01
  5.7242E+04  2.0359E+00  3.1049E+01  3.4227E+00  1.6421E+01
  7.5443E+04  2.0359E+00  3.1049E+01  3.4227E+00  1.6421E+01
  9.9430E+04  2.0359E+00  3.1049E+01  3.4227E+00  1.6421E+01
  1.3104E+05  2.0359E+00  3.1049E+01  3.4227E+00  1.6421E+01
  1.7271E+05  2.0359E+00  3.1049E+01  3.4227E+00  1.6421E+01
  2.2763E+05  2.0359E+00  3.1049E+01  3.4227E+00  1.6421E+01
  3.0000E+05  2.0359E+00  3.1049E+01  3.4227E+00  1.6421E+01
 Density     Ross opa    Planck opa  No. Free    Av Sq Free  T=  2.5000E+00
  1.0000E+02  3.9517E-01  2.8974E+00  3.3943E+00  1.6187E+01
  1.3180E+02  4.3381E-01  3.6551E+00  3.3964E+00  1.6140E+01
  1.7370E+02  4.7008E-01  4.4040E+00  3.3988E+00  1.6156E+01
  2.2893E+02  5.1550E-01  5.3437E+00  3.4020E+00  1.6178E+01
  3.0172E+02  5.7240E-01  6.5689E+00  3.4062E+00  1.6206E+01
  3.9765E+02  6.3137E-01  7.7261E+00  3.4100E+00  1.6250E+01
  5.2409E+02  7.0051E-01  9.0543E+00  3.4142E+00  1.6309E+01
  6.9072E+02  7.8825E-01  1.0720E+01  3.4197E+00  1.6388E+01
  9.1034E+02  8.9830E-01  1.2687E+01  3.4244E+00  1.6456E+01
  1.1998E+03  1.0358E+00  1.4727E+01  3.4253E+00  1.6473E+01
  1.5813E+03  1.2118E+00  1.7430E+01  3.4264E+00  1.6495E+01
  2.0840E+03  1.4312E+00  2.0385E+01  3.4275E+00  1.6516E+01
  2.7467E+03  1.6975E+00  2.3085E+01  3.4275E+00  1.6517E+01
  3.6200E+03  2.0421E+00  2.6330E+01  3.4276E+00  1.6519E+01
  4.7710E+03  2.4383E+00  2.8870E+01  3.4276E+00  1.6520E+01
  6.2880E+03  2.9271E+00  3.1191E+01  3.4276E+00  1.6519E+01
  8.2873E+03  3.1824E+00  3.2386E+01  3.4276E+00  1.6519E+01
  1.0922E+04  3.1824E+00  3.2386E+01  3.4276E+00  1.6519E+01
  1.4395E+04  3.1824E+00  3.2386E+01  3.4276E+00  1.6519E+01
  1.8972E+04  3.1824E+00  3.2386E+01  3.4276E+00  1.6519E+01
  2.5004E+04  3.1824E+00  3.2386E+01  3.4276E+00  1.6519E+01
  3.2955E+04  3.1824E+00  3.2386E+01  3.4276E+00  1.6519E+01
  4.3433E+04  3.1824E+00  3.2386E+01  3.4276E+00  1.6519E+01
  5.7242E+04  3.1824E+00  3.2386E+01  3.4276E+00  1.6519E+01
  7.5443E+04  3.1824E+00  3.2386E+01  3.4276E+00  1.6519E+01
  9.9430E+04  3.1824E+00  3.2386E+01  3.4276E+00  1.6519E+01
  1.3104E+05  3.1824E+00  3.2386E+01  3.4276E+00  1.6519E+01
  1.7271E+05  3.1824E+00  3.2386E+01  3.4276E+00  1.6519E+01
  2.2763E+05  3.1824E+00  3.2386E+01  3.4276E+00  1.6519E+01
  3.0000E+05  3.1824E+00  3.2386E+01  3.4276E+00  1.6519E+01
 Density     Ross opa    Planck opa  No. Free    Av Sq Free  T=  3.0000E+00
  1.0000E+02  3.0535E-01  1.5360E+00  3.3932E+00  1.6244E+01
  1.3180E+02  3.2870E-01  1.9638E+00  3.3949E+00  1.6195E+01
  1.7370E+02  3.5551E-01  2.4805E+00  3.3971E+00  1.6150E+01
  2.2893E+02  3.8239E-01  2.9692E+00  3.3995E+00  1.6167E+01
  3.0172E+02  4.1576E-01  3.6416E+00  3.4027E+00  1.6189E+01
  3.9765E+02  4.5719E-01  4.4850E+00  3.4070E+00  1.6219E+01
  5.2409E+02  5.0089E-01  5.3039E+00  3.4107E+00  1.6261E+01
  6.9072E+02  5.5247E-01  6.2618E+00  3.4147E+00  1.6319E+01
  9.1034E+02  6.1736E-01  7.4652E+00  3.4201E+00  1.6395E+01
  1.1998E+03  6.9742E-01  8.8716E+00  3.4245E+00  1.6460E+01
  1.5813E+03  7.9558E-01  1.0387E+01  3.4254E+00  1.6477E+01
  2.0840E+03  9.2026E-01  1.2293E+01  3.4266E+00  1.6500E+01
  2.7467E+03  1.0743E+00  1.4367E+01  3.4276E+00  1.6520E+01
  3.6200E+03  1.2599E+00  1.6247E+01  3.4276E+00  1.6520E+01
  4.7710E+03  1.4989E+00  1.8625E+01  3.4276E+00  1.6520E+01
  6.2880E+03  1.7724E+00  2.0386E+01  3.4276E+00  1.6520E+01
  8.2873E+03  2.1093E+00  2.1994E+01  3.4276E+00  1.6520E+01
  1.0922E+04  2.5017E+00  2.3163E+01  3.4276E+00  1.6520E+01
  1.4395E+04  2.9737E+00  2.3804E+01  3.4277E+00  1.6523E+01
  1.8972E+04  3.0291E+00  2.3915E+01  3.4277E+00  1.6523E+01
  2.5004E+04  3.0291E+00  2.3915E+01  3.4277E+00  1.6523E+01
  3.2955E+04  3.0291E+00  2.3915E+01  3.4277E+00  1.6523E+01
  4.3433E+04  3.0291E+00  2.3915E+01  3.4277E+00  1.6523E+01
  5.7242E+04  3.0291E+00  2.3915E+01  3.4277E+00  1.6523E+01
  7.5443E+04  3.0291E+00  2.3915E+01  3.4277E+00  1.6523E+01
  9.9430E+04  3.0291E+00  2.3915E+01  3.4277E+00  1.6523E+01
  1.3104E+05  3.0291E+00  2.3915E+01  3.4277E+00  1.6523E+01
  1.7271E+05  3.0291E+00  2.3915E+01  3.4277E+00  1.6523E+01
  2.2763E+05  3.0291E+00  2.3915E+01  3.4277E+00  1.6523E+01
  3.0000E+05  3.0291E+00  2.3915E+01  3.4277E+00  1.6523E+01
 Density     Ross opa    Planck opa  No. Free    Av Sq Free  T=  4.0000E+00
  1.0000E+02  2.3327E-01  5.5214E-01  3.3918E+00  1.6304E+01
  1.3180E+02  2.4344E-01  7.0872E-01  3.3930E+00  1.6274E+01
  1.7370E+02  2.5573E-01  9.0614E-01  3.3946E+00  1.6235E+01
  2.2893E+02  2.7058E-01  1.1642E+00  3.3967E+00  1.6182E+01
  3.0172E+02  2.8588E-01  1.4267E+00  3.3999E+00  1.6186E+01
  3.9765E+02  3.0321E-01  1.7138E+00  3.4045E+00  1.6231E+01
  5.2409E+02  3.2451E-01  2.1104E+00  3.4105E+00  1.6291E+01
  6.9072E+02  3.5023E-01  2.5822E+00  3.4172E+00  1.6359E+01
  9.1034E+02  3.7951E-01  3.0668E+00  3.4193E+00  1.6392E+01
  1.1998E+03  4.1576E-01  3.7069E+00  3.4222E+00  1.6435E+01
  1.5813E+03  4.6068E-01  4.5128E+00  3.4260E+00  1.6491E+01
  2.0840E+03  5.1345E-01  5.3080E+00  3.4270E+00  1.6507E+01
  2.7467E+03  5.7875E-01  6.2843E+00  3.4273E+00  1.6513E+01
  3.6200E+03  6.6073E-01  7.5131E+00  3.4276E+00  1.6521E+01
  4.7710E+03  7.5663E-01  8.5724E+00  3.4277E+00  1.6522E+01
  6.2880E+03  8.7578E-01  9.7755E+00  3.4277E+00  1.6522E+01
  8.2873E+03  1.0244E+00  1.1173E+01  3.4276E+00  1.6521E+01
  1.0922E+04  1.1883E+00  1.1987E+01  3.4277E+00  1.6522E+01
  1.4395E+04  1.3994E+00  1.3022E+01  3.4278E+00  1.6523E+01
  1.8972E+04  1.6276E+00  1.3417E+01  3.4278E+00  1.6524E+01
  2.5004E+04  1.8924E+00  1.3771E+01  3.4278E+00  1.6525E+01
  3.2955E+04  2.1649E+00  1.3748E+01  3.4278E+00  1.6525E+01
  4.3433E+04  2.5174E+00  1.3763E+01  3.4278E+00  1.6526E+01
  5.7242E+04  2.5678E+00  1.3843E+01  3.4278E+00  1.6526E+01
  7.5443E+04  2.5678E+00  1.3843E+01  3.4278E+00  1.6526E+01
  9.9430E+04  2.5678E+00  1.3843E+01  3.4278E+00  1.6526E+01
  1.3104E+05  2.5678E+00  1.3843E+01  3.4278E+00  1.6526E+01
  1.7271E+05  2.5678E+00  1.3843E+01  3.4278E+00  1.6526E+01
  2.2763E+05  2.5678E+00  1.3843E+01  3.4278E+00  1.6526E+01
  3.0000E+05  2.5678E+00  1.3843E+01  3.4278E+00  1.6526E+01
 Density     Ross opa    Planck opa  No. Free    Av Sq Free  T=  5.0000E+00
  1.0000E+02  2.0341E-01  2.4944E-01  3.4100E+00  1.6346E+01
  1.3180E+02  2.0923E-01  3.2519E-01  3.4159E+00  1.6385E+01
  1.7370E+02  2.1575E-01  4.1027E-01  3.4132E+00  1.6352E+01
  2.2893E+02  2.2362E-01  5.2181E-01  3.4098E+00  1.6309E+01
  3.0172E+02  2.3313E-01  6.6769E-01  3.4052E+00  1.6251E+01
  3.9765E+02  2.4339E-01  8.3131E-01  3.4042E+00  1.6237E+01
  5.2409E+02  2.5435E-01  1.0106E+00  3.4096E+00  1.6301E+01
  6.9072E+02  2.6776E-01  1.2468E+00  3.4167E+00  1.6384E+01
  9.1034E+02  2.8414E-01  1.5419E+00  3.4260E+00  1.6494E+01
  1.1998E+03  3.0416E-01  1.8435E+00  3.4266E+00  1.6503E+01
  1.5813E+03  3.2867E-01  2.2384E+00  3.4270E+00  1.6510E+01
  2.0840E+03  3.5871E-01  2.7588E+00  3.4275E+00  1.6519E+01
  2.7467E+03  3.9409E-01  3.2900E+00  3.4277E+00  1.6524E+01
  3.6200E+03  4.3683E-01  3.8901E+00  3.4277E+00  1.6524E+01
  4.7710E+03  4.8995E-01  4.6430E+00  3.4277E+00  1.6523E+01
  6.2880E+03  5.5226E-01  5.4069E+00  3.4277E+00  1.6523E+01
  8.2873E+03  6.2687E-01  6.1319E+00  3.4277E+00  1.6522E+01
  1.0922E+04  7.2130E-01  7.0929E+00  3.4277E+00  1.6521E+01
  1.4395E+04  8.2365E-01  7.6759E+00  3.4277E+00  1.6522E+01
  1.8972E+04  9.5296E-01  8.2842E+00  3.4277E+00  1.6523E+01
  2.5004E+04  1.0972E+00  8.6719E+00  3.4278E+00  1.6524E+01
  3.2955E+04  1.2701E+00  9.0091E+00  3.4278E+00  1.6525E+01
  4.3433E+04  1.4350E+00  9.0382E+00  3.4278E+00  1.6526E+01
  5.7242E+04  1.6484E+00  9.0852E+00  3.4278E+00  1.6526E+01
  7.5443E+04  1.7327E+00  9.0977E+00  3.4278E+00  1.6526E+01
  9.9430E+04  1.7327E+00  9.0977E+00  3.4278E+00  1.6526E+01
  1.3104E+05  1.7327E+00  9.0977E+00  3.4278E+00  1.6526E+01
  1.7271E+05  1.7327E+00  9.0977E+00  3.4278E+00  1.6526E+01
  2.2763E+05  1.7327E+00  9.0977E+00  3.4278E+00  1.6526E+01
  3.0000E+05  1.7327E+00  9.0977E+00  3.4278E+00  1.6526E+01
 Density     Ross opa    Planck opa  No. Free    Av Sq Free  T=  6.0000E+00
  1.0000E+02  1.8821E-01  1.3037E-01  3.4060E+00  1.6323E+01
  1.3180E+02  1.9171E-01  1.6983E-01  3.4106E+00  1.6353E+01
  1.7370E+02  1.9591E-01  2.1863E-01  3.4162E+00  1.6389E+01
  2.2893E+02  2.0045E-01  2.7340E-01  3.4168E+00  1.6392E+01
  3.0172E+02  2.0595E-01  3.4906E-01  3.4176E+00  1.6396E+01
  3.9765E+02  2.1262E-01  4.4402E-01  3.4187E+00  1.6401E+01
  5.2409E+02  2.2020E-01  5.5501E-01  3.4200E+00  1.6412E+01
  6.9072E+02  2.2888E-01  6.8528E-01  3.4216E+00  1.6434E+01
  9.1034E+02  2.3942E-01  8.4842E-01  3.4236E+00  1.6462E+01
  1.1998E+03  2.5220E-01  1.0716E+00  3.4263E+00  1.6498E+01
  1.5813E+03  2.6743E-01  1.2843E+00  3.4267E+00  1.6505E+01
  2.0840E+03  2.8600E-01  1.5628E+00  3.4271E+00  1.6512E+01
  2.7467E+03  3.0862E-01  1.9298E+00  3.4275E+00  1.6522E+01
  3.6200E+03  3.3474E-01  2.3022E+00  3.4278E+00  1.6526E+01
  4.7710E+03  3.6588E-01  2.7225E+00  3.4278E+00  1.6525E+01
  6.2880E+03  4.0436E-01  3.2742E+00  3.4277E+00  1.6524E+01
  8.2873E+03  4.4937E-01  3.8079E+00  3.4277E+00  1.6524E+01
  1.0922E+04  5.0322E-01  4.3165E+00  3.4278E+00  1.6524E+01
  1.4395E+04  5.7093E-01  4.9878E+00  3.4278E+00  1.6525E+01
  1.8972E+04  6.4401E-01  5.3903E+00  3.4278E+00  1.6525E+01
  2.5004E+04  7.3613E-01  5.8541E+00  3.4278E+00  1.6526E+01
  3.2955E+04  8.3757E-01  6.1172E+00  3.4278E+00  1.6526E+01
  4.3433E+04  9.5848E-01  6.3472E+00  3.4278E+00  1.6526E+01
  5.7242E+04  1.0739E+00  6.3746E+00  3.4278E+00  1.6526E+01
  7.5443E+04  1.2233E+00  6.4590E+00  3.4278E+00  1.6526E+01
  9.9430E+04  1.3600E+00  6.4901E+00  3.4279E+00  1.6528E+01
  1.3104E+05  1.5063E+00  6.5475E+00  3.4279E+00  1.6530E+01
  1.7271E+05  1.6449E+00  6.5558E+00  3.4280E+00  1.6533E+01
  2.2763E+05  1.6449E+00  6.5558E+00  3.4280E+00  1.6533E+01
  3.0000E+05  1.6449E+00  6.5558E+00  3.4280E+00  1.6533E+01
 Density     Ross opa    Planck opa  No. Free    Av Sq Free  T=  8.0000E+00
  1.0000E+02  1.7080E-01  4.7149E-02  3.4024E+00  1.6303E+01
  1.3180E+02  1.7231E-01  6.1150E-02  3.4051E+00  1.6321E+01
  1.7370E+02  1.7416E-01  7.8579E-02  3.4087E+00  1.6344E+01
  2.2893E+02  1.7642E-01  1.0265E-01  3.4135E+00  1.6374E+01
  3.0172E+02  1.7903E-01  1.3037E-01  3.4167E+00  1.6394E+01
  3.9765E+02  1.8206E-01  1.6416E-01  3.4176E+00  1.6400E+01
  5.2409E+02  1.8575E-01  2.1088E-01  3.4188E+00  1.6407E+01
  6.9072E+02  1.9021E-01  2.6947E-01  3.4203E+00  1.6416E+01
  9.1034E+02  1.9510E-01  3.3338E-01  3.4218E+00  1.6436E+01
  1.1998E+03  2.0100E-01  4.1631E-01  3.4236E+00  1.6464E+01
  1.5813E+03  2.0815E-01  5.2016E-01  3.4261E+00  1.6501E+01
  2.0840E+03  2.1682E-01  6.4693E-01  3.4278E+00  1.6527E+01
  2.7467E+03  2.2739E-01  7.8206E-01  3.4278E+00  1.6527E+01
  3.6200E+03  2.4020E-01  9.6009E-01  3.4278E+00  1.6528E+01
  4.7710E+03  2.5565E-01  1.1907E+00  3.4278E+00  1.6528E+01
  6.2880E+03  2.7278E-01  1.3958E+00  3.4278E+00  1.6527E+01
  8.2873E+03  2.9380E-01  1.6634E+00  3.4278E+00  1.6526E+01
  1.0922E+04  3.1957E-01  2.0151E+00  3.4278E+00  1.6525E+01
  1.4395E+04  3.4839E-01  2.2812E+00  3.4278E+00  1.6525E+01
  1.8972E+04  3.8419E-01  2.6050E+00  3.4278E+00  1.6525E+01
  2.5004E+04  4.2621E-01  2.9417E+00  3.4278E+00  1.6526E+01
  3.2955E+04  4.7394E-01  3.1832E+00  3.4278E+00  1.6526E+01
  4.3433E+04  5.3161E-01  3.4316E+00  3.4278E+00  1.6526E+01
  5.7242E+04  5.9569E-01  3.5927E+00  3.4278E+00  1.6526E+01
  7.5443E+04  6.6280E-01  3.6893E+00  3.4278E+00  1.6526E+01
  9.9430E+04  7.3641E-01  3.7335E+00  3.4278E+00  1.6526E+01
  1.3104E+05  8.2658E-01  3.8065E+00  3.4278E+00  1.6526E+01
  1.7271E+05  8.9928E-01  3.8565E+00  3.4279E+00  1.6529E+01
  2.2763E+05  9.9247E-01  3.8944E+00  3.4280E+00  1.6532E+01
  3.0000E+05  1.0284E+00  3.9021E+00  3.4280E+00  1.6534E+01
 Density     Ross opa    Planck opa  No. Free    Av Sq Free  T=  1.0000E+01
  1.0000E+02  1.6038E-01  2.1006E-02  3.4060E+00  1.6326E+01
  1.3180E+02  1.6114E-01  2.7575E-02  3.4039E+00  1.6319E+01
  1.7370E+02  1.6209E-01  3.5833E-02  3.4057E+00  1.6330E+01
  2.2893E+02  1.6325E-01  4.6011E-02  3.4088E+00  1.6348E+01
  3.0172E+02  1.6468E-01  6.0121E-02  3.4129E+00  1.6372E+01
  3.9765E+02  1.6637E-01  7.6830E-02  3.4168E+00  1.6396E+01
  5.2409E+02  1.6830E-01  9.7704E-02  3.4180E+00  1.6408E+01
  6.9072E+02  1.7067E-01  1.2377E-01  3.4197E+00  1.6423E+01
  9.1034E+02  1.7355E-01  1.5789E-01  3.4219E+00  1.6443E+01
  1.1998E+03  1.7688E-01  1.9778E-01  3.4234E+00  1.6461E+01
  1.5813E+03  1.8085E-01  2.4808E-01  3.4246E+00  1.6479E+01
  2.0840E+03  1.8566E-01  3.1418E-01  3.4262E+00  1.6504E+01
  2.7467E+03  1.9146E-01  3.9614E-01  3.4279E+00  1.6529E+01
  3.6200E+03  1.9836E-01  4.7776E-01  3.4279E+00  1.6529E+01
  4.7710E+03  2.0673E-01  5.8508E-01  3.4279E+00  1.6529E+01
  6.2880E+03  2.1687E-01  7.2643E-01  3.4279E+00  1.6528E+01
  8.2873E+03  2.2854E-01  8.6611E-01  3.4278E+00  1.6528E+01
  1.0922E+04  2.4264E-01  1.0295E+00  3.4278E+00  1.6528E+01
  1.4395E+04  2.5985E-01  1.2436E+00  3.4278E+00  1.6527E+01
  1.8972E+04  2.7917E-01  1.4262E+00  3.4278E+00  1.6527E+01
  2.5004E+04  3.0251E-01  1.6349E+00  3.4278E+00  1.6527E+01
  3.2955E+04  3.3074E-01  1.8850E+00  3.4278E+00  1.6527E+01
  4.3433E+04  3.6145E-01  2.0317E+00  3.4278E+00  1.6527E+01
  5.7242E+04  3.9993E-01  2.2262E+00  3.4278E+00  1.6527E+01
  7.5443E+04  4.4060E-01  2.3228E+00  3.4278E+00  1.6526E+01
  9.9430E+04  4.8618E-01  2.3972E+00  3.4279E+00  1.6527E+01
  1.3104E+05  5.3200E-01  2.4530E+00  3.4279E+00  1.6530E+01
  1.7271E+05  5.9099E-01  2.5160E+00  3.4280E+00  1.6533E+01
  2.2763E+05  6.3839E-01  2.5441E+00  3.4280E+00  1.6533E+01
  3.0000E+05  6.9607E-01  2.5949E+00  3.4280E+00  1.6534E+01
 Density     Ross opa    Planck opa  No. Free    Av Sq Free  T=  1.5000E+01
  1.0000E+02  1.4315E-01  4.9781E-03  3.4103E+00  1.6352E+01
  1.3180E+02  1.4335E-01  6.5257E-03  3.4098E+00  1.6356E+01
  1.7370E+02  1.4360E-01  8.5654E-03  3.4092E+00  1.6361E+01
  2.2893E+02  1.4392E-01  1.1062E-02  3.4084E+00  1.6367E+01
  3.0172E+02  1.4431E-01  1.4420E-02  3.4091E+00  1.6372E+01
  3.9765E+02  1.4480E-01  1.8780E-02  3.4110E+00  1.6378E+01
  5.2409E+02  1.4542E-01  2.4166E-02  3.4136E+00  1.6386E+01
  6.9072E+02  1.4617E-01  3.1543E-02  3.4167E+00  1.6397E+01
  9.1034E+02  1.4704E-01  3.9582E-02  3.4188E+00  1.6421E+01
  1.1998E+03  1.4810E-01  5.0786E-02  3.4216E+00  1.6454E+01
  1.5813E+03  1.4942E-01  6.4771E-02  3.4252E+00  1.6496E+01
  2.0840E+03  1.5102E-01  8.1875E-02  3.4274E+00  1.6522E+01
  2.7467E+03  1.5296E-01  1.0308E-01  3.4276E+00  1.6524E+01
  3.6200E+03  1.5533E-01  1.3095E-01  3.4277E+00  1.6527E+01
  4.7710E+03  1.5821E-01  1.6752E-01  3.4279E+00  1.6531E+01
  6.2880E+03  1.6151E-01  2.0378E-01  3.4279E+00  1.6531E+01
  8.2873E+03  1.6553E-01  2.4900E-01  3.4279E+00  1.6530E+01
  1.0922E+04  1.7043E-01  3.0836E-01  3.4279E+00  1.6530E+01
  1.4395E+04  1.7620E-01  3.7182E-01  3.4279E+00  1.6529E+01
  1.8972E+04  1.8314E-01  4.4512E-01  3.4279E+00  1.6529E+01
  2.5004E+04  1.9160E-01  5.3636E-01  3.4279E+00  1.6529E+01
  3.2955E+04  2.0124E-01  6.2810E-01  3.4279E+00  1.6529E+01
  4.3433E+04  2.1255E-01  7.1750E-01  3.4279E+00  1.6528E+01
  5.7242E+04  2.2650E-01  8.3434E-01  3.4279E+00  1.6528E+01
  7.5443E+04  2.4129E-01  9.0742E-01  3.4279E+00  1.6527E+01
  9.9430E+04  2.5970E-01  1.0010E+00  3.4279E+00  1.6527E+01
  1.3104E+05  2.7928E-01  1.0522E+00  3.4279E+00  1.6530E+01
  1.7271E+05  3.0208E-01  1.1078E+00  3.4280E+00  1.6533E+01
  2.2763E+05  3.2315E-01  1.1395E+00  3.4280E+00  1.6533E+01
  3.0000E+05  3.5019E-01  1.1747E+00  3.4280E+00  1.6534E+01
 Density     Ross opa    Planck opa  No. Free    Av Sq Free  T=  2.5000E+01
  1.0000E+02  1.1988E-01  7.9497E-04  3.4031E+00  1.6286E+01
  1.3180E+02  1.1991E-01  1.0494E-03  3.4062E+00  1.6315E+01
  1.7370E+02  1.1995E-01  1.3848E-03  3.4103E+00  1.6355E+01
  2.2893E+02  1.2001E-01  1.8241E-03  3.4135E+00  1.6384E+01
  3.0172E+02  1.2007E-01  2.4002E-03  3.4156E+00  1.6402E+01
  3.9765E+02  1.2016E-01  3.1595E-03  3.4183E+00  1.6425E+01
  5.2409E+02  1.2027E-01  4.1603E-03  3.4219E+00  1.6456E+01
  6.9072E+02  1.2040E-01  5.3055E-03  3.4215E+00  1.6451E+01
  9.1034E+02  1.2057E-01  6.9101E-03  3.4206E+00  1.6440E+01
  1.1998E+03  1.2079E-01  9.0249E-03  3.4193E+00  1.6426E+01
  1.5813E+03  1.2106E-01  1.1537E-02  3.4188E+00  1.6420E+01
  2.0840E+03  1.2139E-01  1.4820E-02  3.4208E+00  1.6445E+01
  2.7467E+03  1.2180E-01  1.8895E-02  3.4234E+00  1.6477E+01
  3.6200E+03  1.2231E-01  2.4544E-02  3.4269E+00  1.6520E+01
  4.7710E+03  1.2294E-01  3.0900E-02  3.4280E+00  1.6533E+01
  6.2880E+03  1.2372E-01  3.8972E-02  3.4279E+00  1.6532E+01
  8.2873E+03  1.2469E-01  4.9577E-02  3.4279E+00  1.6532E+01
  1.0922E+04  1.2586E-01  6.2663E-02  3.4279E+00  1.6532E+01
  1.4395E+04  1.2724E-01  7.6543E-02  3.4279E+00  1.6531E+01
  1.8972E+04  1.2895E-01  9.3819E-02  3.4279E+00  1.6531E+01
  2.5004E+04  1.3105E-01  1.1754E-01  3.4279E+00  1.6531E+01
  3.2955E+04  1.3332E-01  1.3873E-01  3.4279E+00  1.6531E+01
  4.3433E+04  1.3606E-01  1.6480E-01  3.4279E+00  1.6530E+01
  5.7242E+04  1.3944E-01  1.9714E-01  3.4279E+00  1.6530E+01
  7.5443E+04  1.4367E-01  2.2977E-01  3.4279E+00  1.6529E+01
  9.9430E+04  1.4893E-01  2.6941E-01  3.4279E+00  1.6529E+01
  1.3104E+05  1.5519E-01  3.1372E-01  3.4279E+00  1.6528E+01
  1.7271E+05  1.6179E-01  3.4581E-01  3.4279E+00  1.6531E+01
  2.2763E+05  1.6995E-01  3.8387E-01  3.4280E+00  1.6534E+01
  3.0000E+05  1.7830E-01  4.0481E-01  3.4280E+00  1.6534E+01
 Density     Ross opa    Planck opa  No. Free    Av Sq Free  T=  4.0000E+01
  1.0000E+02  9.7816E-02  1.4937E-04  3.4114E+00  1.6345E+01
  1.3180E+02  9.7821E-02  1.9667E-04  3.4104E+00  1.6331E+01
  1.7370E+02  9.7827E-02  2.5940E-04  3.4106E+00  1.6335E+01
  2.2893E+02  9.7836E-02  3.4239E-04  3.4121E+00  1.6357E+01
  3.0172E+02  9.7847E-02  4.5177E-04  3.4142E+00  1.6386E+01
  3.9765E+02  9.7862E-02  5.9592E-04  3.4168E+00  1.6425E+01
  5.2409E+02  9.7880E-02  7.8417E-04  3.4181E+00  1.6436E+01
  6.9072E+02  9.7905E-02  1.0322E-03  3.4198E+00  1.6449E+01
  9.1034E+02  9.7936E-02  1.3592E-03  3.4220E+00  1.6467E+01
  1.1998E+03  9.7976E-02  1.7800E-03  3.4238E+00  1.6481E+01
  1.5813E+03  9.8027E-02  2.2737E-03  3.4241E+00  1.6483E+01
  2.0840E+03  9.8093E-02  2.9691E-03  3.4245E+00  1.6486E+01
  2.7467E+03  9.8177E-02  3.8855E-03  3.4250E+00  1.6489E+01
  3.6200E+03  9.8282E-02  4.9446E-03  3.4256E+00  1.6496E+01
  4.7710E+03  9.8417E-02  6.4069E-03  3.4262E+00  1.6506E+01
  6.2880E+03  9.8587E-02  8.2160E-03  3.4271E+00  1.6519E+01
  8.2873E+03  9.8803E-02  1.0661E-02  3.4280E+00  1.6533E+01
  1.0922E+04  9.9068E-02  1.3392E-02  3.4280E+00  1.6533E+01
  1.4395E+04  9.9404E-02  1.6981E-02  3.4280E+00  1.6533E+01
  1.8972E+04  9.9826E-02  2.1699E-02  3.4280E+00  1.6532E+01
  2.5004E+04  1.0033E-01  2.6776E-02  3.4280E+00  1.6532E+01
  3.2955E+04  1.0095E-01  3.2819E-02  3.4280E+00  1.6532E+01
  4.3433E+04  1.0173E-01  4.0754E-02  3.4279E+00  1.6532E+01
  5.7242E+04  1.0266E-01  4.9676E-02  3.4279E+00  1.6531E+01
  7.5443E+04  1.0371E-01  5.9289E-02  3.4279E+00  1.6531E+01
  9.9430E+04  1.0503E-01  7.0559E-02  3.4279E+00  1.6530E+01
  1.3104E+05  1.0667E-01  8.4915E-02  3.4279E+00  1.6530E+01
  1.7271E+05  1.0870E-01  9.8597E-02  3.4279E+00  1.6531E+01
  2.2763E+05  1.1125E-01  1.1648E-01  3.4280E+00  1.6533E+01
  3.0000E+05  1.1405E-01  1.3273E-01  3.4280E+00  1.6534E+01
 Density     Ross opa    Planck opa  No. Free    Av Sq Free  T=  6.0000E+01
  1.0000E+02  7.9856E-02  3.5609E-05  3.4147E+00  1.6393E+01
  1.3180E+02  7.9857E-02  4.6915E-05  3.4149E+00  1.6392E+01
  1.7370E+02  7.9858E-02  6.1815E-05  3.4151E+00  1.6392E+01
  2.2893E+02  7.9860E-02  8.1453E-05  3.4155E+00  1.6392E+01
  3.0172E+02  7.9862E-02  1.0743E-04  3.4164E+00  1.6398E+01
  3.9765E+02  7.9865E-02  1.4184E-04  3.4182E+00  1.6417E+01
  5.2409E+02  7.9869E-02  1.8719E-04  3.4206E+00  1.6443E+01
  6.9072E+02  7.9874E-02  2.4695E-04  3.4238E+00  1.6477E+01
  9.1034E+02  7.9881E-02  3.2474E-04  3.4244E+00  1.6485E+01
  1.1998E+03  7.9889E-02  4.2697E-04  3.4242E+00  1.6484E+01
  1.5813E+03  7.9901E-02  5.6171E-04  3.4240E+00  1.6483E+01
  2.0840E+03  7.9915E-02  7.3781E-04  3.4239E+00  1.6484E+01
  2.7467E+03  7.9934E-02  9.6188E-04  3.4245E+00  1.6491E+01
  3.6200E+03  7.9959E-02  1.2340E-03  3.4254E+00  1.6501E+01
  4.7710E+03  7.9991E-02  1.6169E-03  3.4266E+00  1.6514E+01
  6.2880E+03  8.0031E-02  2.1048E-03  3.4273E+00  1.6523E+01
  8.2873E+03  8.0084E-02  2.6902E-03  3.4275E+00  1.6525E+01
  1.0922E+04  8.0152E-02  3.5090E-03  3.4277E+00  1.6528E+01
  1.4395E+04  8.0239E-02  4.5200E-03  3.4280E+00  1.6533E+01
  1.8972E+04  8.0347E-02  5.7633E-03  3.4280E+00  1.6533E+01
  2.5004E+04  8.0486E-02  7.3063E-03  3.4280E+00  1.6533E+01
  3.2955E+04  8.0663E-02  9.3337E-03  3.4280E+00  1.6533E+01
  4.3433E+04  8.0881E-02  1.1664E-02  3.4280E+00  1.6533E+01
  5.7242E+04  8.1149E-02  1.4298E-02  3.4280E+00  1.6532E+01
  7.5443E+04  8.1490E-02  1.7757E-02  3.4280E+00  1.6532E+01
  9.9430E+04  8.1916E-02  2.2143E-02  3.4279E+00  1.6532E+01
  1.3104E+05  8.2384E-02  2.5994E-02  3.4280E+00  1.6532E+01
  1.7271E+05  8.2978E-02  3.1036E-02  3.4280E+00  1.6533E+01
  2.2763E+05  8.3728E-02  3.7565E-02  3.4280E+00  1.6534E+01
  3.0000E+05  8.4659E-02  4.3880E-02  3.4280E+00  1.6534E+01
 Density     Ross opa    Planck opa  No. Free    Av Sq Free  T=  1.0000E+02
  1.0000E+02  5.9394E-02  5.8756E-06  3.4219E+00  1.6465E+01
  1.3180E+02  5.9394E-02  7.7367E-06  3.4214E+00  1.6457E+01
  1.7370E+02  5.9394E-02  1.0190E-05  3.4208E+00  1.6448E+01
  2.2893E+02  5.9394E-02  1.3425E-05  3.4202E+00  1.6439E+01
  3.0172E+02  5.9394E-02  1.7699E-05  3.4205E+00  1.6443E+01
  3.9765E+02  5.9395E-02  2.3331E-05  3.4208E+00  1.6449E+01
  5.2409E+02  5.9395E-02  3.0754E-05  3.4213E+00  1.6457E+01
  6.9072E+02  5.9396E-02  4.0548E-05  3.4219E+00  1.6465E+01
  9.1034E+02  5.9397E-02  5.3465E-05  3.4229E+00  1.6474E+01
  1.1998E+03  5.9398E-02  7.0488E-05  3.4241E+00  1.6487E+01
  1.5813E+03  5.9400E-02  9.2918E-05  3.4257E+00  1.6503E+01
  2.0840E+03  5.9402E-02  1.2211E-04  3.4254E+00  1.6499E+01
  2.7467E+03  5.9405E-02  1.6059E-04  3.4249E+00  1.6495E+01
  3.6200E+03  5.9408E-02  2.1130E-04  3.4243E+00  1.6489E+01
  4.7710E+03  5.9413E-02  2.7824E-04  3.4242E+00  1.6488E+01
  6.2880E+03  5.9419E-02  3.6666E-04  3.4250E+00  1.6498E+01
  8.2873E+03  5.9428E-02  4.8320E-04  3.4261E+00  1.6511E+01
  1.0922E+04  5.9439E-02  6.2477E-04  3.4276E+00  1.6529E+01
  1.4395E+04  5.9454E-02  8.1724E-04  3.4280E+00  1.6533E+01
  1.8972E+04  5.9473E-02  1.0690E-03  3.4280E+00  1.6533E+01
  2.5004E+04  5.9498E-02  1.3786E-03  3.4280E+00  1.6533E+01
  3.2955E+04  5.9530E-02  1.8009E-03  3.4280E+00  1.6533E+01
  4.3433E+04  5.9572E-02  2.2857E-03  3.4280E+00  1.6533E+01
  5.7242E+04  5.9626E-02  2.9620E-03  3.4280E+00  1.6533E+01
  7.5443E+04  5.9696E-02  3.8059E-03  3.4280E+00  1.6533E+01
  9.9430E+04  5.9781E-02  4.7029E-03  3.4280E+00  1.6533E+01
  1.3104E+05  5.9886E-02  5.7768E-03  3.4280E+00  1.6533E+01
  1.7271E+05  6.0022E-02  7.1895E-03  3.4280E+00  1.6533E+01
  2.2763E+05  6.0188E-02  8.8444E-03  3.4280E+00  1.6534E+01
  3.0000E+05  6.0380E-02  1.0428E-02  3.4280E+00  1.6534E+01
