      .2198E+00      .2344E+00
      .2190E+00      .2344E+00
      .2182E+00      .2344E+00
      .2173E+00      .2343E+00
      .2165E+00      .2342E+00
      .2156E+00      .2341E+00
      .2147E+00      .2340E+00
      .2138E+00      .2339E+00
      .2129E+00      .2338E+00
      .2120E+00      .2336E+00
      .2111E+00      .2335E+00
      .2102E+00      .2333E+00
      .2092E+00      .2331E+00
      .2083E+00      .2328E+00
      .2073E+00      .2325E+00
      .2063E+00      .2321E+00
      .2053E+00      .2316E+00
      .2044E+00      .2312E+00
      .2034E+00      .2307E+00
      .2024E+00      .2303E+00
      .2013E+00      .2299E+00
      .2003E+00      .2294E+00
      .1993E+00      .2289E+00
      .1982E+00      .2284E+00
      .1972E+00      .2279E+00
      .1961E+00      .2273E+00
      .1951E+00      .2268E+00
      .1940E+00      .2263E+00
      .1929E+00      .2258E+00
      .1919E+00      .2252E+00
      .1908E+00      .2247E+00
      .1897E+00      .2242E+00
      .1886E+00      .2237E+00
      .1875E+00      .2232E+00
      .1864E+00      .2227E+00
      .1852E+00      .2222E+00
      .1841E+00      .2217E+00
      .1830E+00      .2213E+00
      .1819E+00      .2208E+00
      .1807E+00      .2203E+00
      .1796E+00      .2199E+00
      .1785E+00      .2194E+00
      .1773E+00      .2190E+00
      .1762E+00      .2185E+00
      .1750E+00      .2181E+00
      .1738E+00      .2177E+00
      .1727E+00      .2172E+00
      .1715E+00      .2168E+00
      .1703E+00      .2163E+00
      .1692E+00      .2158E+00
      .1680E+00      .2152E+00
      .1668E+00      .2147E+00
      .1656E+00      .2142E+00
      .1645E+00      .2138E+00
      .1633E+00      .2133E+00
      .1621E+00      .2128E+00
      .1609E+00      .2124E+00
      .1597E+00      .2119E+00
      .1585E+00      .2114E+00
      .1573E+00      .2110E+00
      .1561E+00      .2106E+00
      .1549E+00      .2101E+00
      .1537E+00      .2097E+00
      .1526E+00      .2093E+00
      .1514E+00      .2088E+00
      .1502E+00      .2084E+00
      .1490E+00      .2080E+00
      .1478E+00      .2076E+00
      .1466E+00      .2073E+00
      .1453E+00      .2069E+00
      .1441E+00      .2065E+00
      .1429E+00      .2061E+00
      .1417E+00      .2058E+00
      .1405E+00      .2054E+00
      .1393E+00      .2050E+00
      .1381E+00      .2045E+00
      .1369E+00      .2041E+00
      .1357E+00      .2037E+00
      .1345E+00      .2032E+00
      .1333E+00      .2028E+00
      .1321E+00      .2024E+00
      .1309E+00      .2019E+00
      .1297E+00      .2015E+00
      .1285E+00      .2011E+00
      .1273E+00      .2007E+00
      .1261E+00      .2003E+00
      .1249E+00      .1999E+00
      .1237E+00      .1995E+00
      .1226E+00      .1991E+00
      .1213E+00      .1987E+00
      .1202E+00      .1984E+00
      .1190E+00      .1981E+00
      .1178E+00      .1980E+00
      .1166E+00      .1981E+00
      .1158E+00      .1984E+00
      .1144E+00      .1992E+00
      .1132E+00      .2000E+00
      .1120E+00      .2010E+00
      .1100E+00      .2025E+00
      .1097E+00      .2027E+00
      .1084E+00      .2036E+00
      .1074E+00      .2042E+00
      .1062E+00      .2046E+00
      .1053E+00      .2048E+00
      .1043E+00      .2047E+00
      .1023E+00      .2044E+00
      .1016E+00      .2043E+00
      .1009E+00      .2042E+00
      .9981E-01      .2042E+00
      .9864E-01      .2040E+00
      .9782E-01      .2038E+00
      .9696E-01      .2035E+00
      .9514E-01      .2027E+00
      .9465E-01      .2025E+00
      .9335E-01      .2020E+00
      .9158E-01      .2012E+00
      .9022E-01      .2006E+00
      .8863E-01      .2000E+00
      .8593E-01      .1988E+00
      .8515E-01      .1985E+00
      .8467E-01      .1983E+00
      .8424E-01      .1981E+00
      .8270E-01      .1976E+00
      .8240E-01      .2062E+00
      .8142E-01      .2057E+00
      .7960E-01      .2046E+00
      .7892E-01      .2042E+00
      .7855E-01      .2040E+00
      .7635E-01      .2028E+00
      .7561E-01      .2024E+00
      .7390E-01      .2015E+00
      .7255E-01      .2008E+00
      .7196E-01      .2005E+00
      .7097E-01      .2000E+00
      .6958E-01      .1993E+00
      .6881E-01      .1989E+00
      .6806E-01      .1985E+00
      .6742E-01      .1982E+00
      .6687E-01      .1979E+00
      .6646E-01      .1977E+00
      .6376E-01      .1964E+00
      .6274E-01      .1959E+00
      .6004E-01      .1947E+00
      .5963E-01      .1945E+00
      .5894E-01      .1942E+00
      .5847E-01      .1940E+00
      .5791E-01      .1937E+00
      .5701E-01      .1933E+00
      .5578E-01      .1928E+00
      .5402E-01      .1920E+00
      .5322E-01      .1916E+00
      .5261E-01      .1914E+00
      .5231E-01      .1913E+00
      .5152E-01      .1909E+00
      .4854E-01      .1897E+00
      .4802E-01      .1895E+00
      .4740E-01      .1892E+00
      .4705E-01      .1891E+00
      .4624E-01      .1887E+00
      .4491E-01      .1882E+00
      .4442E-01      .1880E+00
      .4342E-01      .1876E+00
      .4211E-01      .1871E+00
      .4085E-01      .1866E+00
      .4025E-01      .1863E+00
      .3977E-01      .1861E+00
      .3893E-01      .1858E+00
      .3772E-01      .1852E+00
      .3638E-01      .1846E+00
      .3569E-01      .1844E+00
      .3473E-01      .1839E+00
      .3402E-01      .1836E+00
      .3327E-01      .1833E+00
      .3230E-01      .1829E+00
      .3145E-01      .1825E+00
      .3097E-01      .1823E+00
      .3024E-01      .1820E+00
      .2909E-01      .1815E+00
      .2807E-01      .1811E+00
      .2745E-01      .1808E+00
      .2652E-01      .1804E+00
      .2564E-01      .1801E+00
      .2490E-01      .1798E+00
      .2377E-01      .1793E+00
      .2336E-01      .1791E+00
      .2269E-01      .1788E+00
      .2181E-01      .1784E+00
      .2099E-01      .1781E+00
      .2044E-01      .1779E+00
      .1948E-01      .1774E+00
      .1871E-01      .1771E+00
      .1831E-01      .1769E+00
      .1736E-01      .1765E+00
      .1670E-01      .1762E+00
      .1607E-01      .1760E+00
      .1535E-01      .1757E+00
      .1474E-01      .1754E+00
      .1391E-01      .1750E+00
      .1320E-01      .1747E+00
      .1267E-01      .1745E+00
      .1196E-01      .1741E+00
      .1139E-01      .1739E+00
      .1085E-01      .1736E+00
      .1027E-01      .1734E+00
      .9665E-02      .1731E+00
      .9048E-02      .1728E+00
      .8522E-02      .1725E+00
      .8049E-02      .1723E+00
      .7507E-02      .1720E+00
      .6955E-02      .1718E+00
      .6325E-02      .1714E+00
      .5880E-02      .1712E+00
      .5455E-02      .1710E+00
      .4916E-02      .1707E+00
      .4456E-02      .1705E+00
      .4010E-02      .1702E+00
      .3582E-02      .1700E+00
      .3228E-02      .1697E+00
      .2770E-02      .1695E+00
      .2387E-02      .1692E+00
      .2025E-02      .1690E+00
      .1791E-02      .1688E+00
      .1352E-02      .1685E+00
      .1063E-02      .1683E+00
      .7944E-03      .1680E+00
      .5904E-03      .1678E+00
      .3620E-03      .1676E+00
      .1923E-03      .1674E+00
      .1439E-04      .1671E+00
      .0000E+01      .1670E+00
