  1.00000201797E+00  2.00945592972E-02
  1.00000201624E+00  2.00945592972E-02
  1.00000201211E+00  2.00945592972E-02
  1.00000200240E+00  2.00945592972E-02
  1.00000198019E+00  2.00945592972E-02
  1.00000193202E+00  2.00945592972E-02
  1.00000183508E+00  2.00945592972E-02
  1.00000165606E+00  2.00945592972E-02
  1.00000134709E+00  2.00945592972E-02
  1.00000083585E+00  2.00945592972E-02
  1.00000000000E+00  2.00945592972E-02
  9.99999989414E-01  2.00945592972E-02
  9.99999978810E-01  2.00945592972E-02
  9.99999968188E-01  2.00945592972E-02
  9.99999957551E-01  2.00945592972E-02
  9.99999946899E-01  2.00945592972E-02
  9.99999936233E-01  2.00945592972E-02
  9.99999925554E-01  2.00945592972E-02
  9.99999914864E-01  2.00945592972E-02
  9.99999904164E-01  2.00945592972E-02
  9.99999893455E-01  2.00945592972E-02
  9.99999882738E-01  2.00945592972E-02
  9.99999872015E-01  2.00945592972E-02
  9.99999861286E-01  2.00945592972E-02
  9.99999850554E-01  2.00945592972E-02
  9.99999839819E-01  2.00945592972E-02
  9.99999829083E-01  2.00945592972E-02
  9.99999818348E-01  2.00945592972E-02
  9.99999807614E-01  2.00945592972E-02
  9.99999796883E-01  2.00945592972E-02
  9.99999540345E-01  2.00945592972E-02
  9.99999257171E-01  2.00945592972E-02
  9.99999017070E-01  2.00945592972E-02
  9.99998599732E-01  2.00945592972E-02
  9.99998219246E-01  2.00945592972E-02
  9.99997799724E-01  2.00945592972E-02
  9.99997337305E-01  2.00945592972E-02
  9.99996827771E-01  2.00945592972E-02
  9.99996266521E-01  2.00945592972E-02
  9.99995648560E-01  2.00945592972E-02
  9.99994968526E-01  2.00945592972E-02
  9.99994220691E-01  2.00945592972E-02
  9.99993398926E-01  2.00945592972E-02
  9.99992496743E-01  2.00945592972E-02
  9.99991507307E-01  2.00945592972E-02
  9.99990423189E-01  2.00945592972E-02
  9.99989236161E-01  2.00945592972E-02
  9.99987937209E-01  2.00945592972E-02
  9.99986349345E-01  2.00945592972E-02
  9.99985041389E-01  2.00945592972E-02
  9.99983266499E-01  2.00945592972E-02
  9.99981413087E-01  2.00945592972E-02
  9.99979389845E-01  2.00945592972E-02
  9.99977182365E-01  2.00945592972E-02
  9.99974775219E-01  2.00945592972E-02
  9.99971516140E-01  2.00945592972E-02
  9.99969294938E-01  2.00945592972E-02
  9.99964623541E-01  2.00945592972E-02
  9.99962803121E-01  2.00945592972E-02
  9.99959125176E-01  2.00945592972E-02
  9.99955129273E-01  2.00945592972E-02
  9.99950790625E-01  2.00945592972E-02
  9.99946677888E-01  2.00945592972E-02
  9.99943740499E-01  2.00945592972E-02
  9.99936701344E-01  2.00945592972E-02
  9.99933712702E-01  2.00945592972E-02
  9.99922957337E-01  2.00945592972E-02
  9.99916693039E-01  2.00945592972E-02
  9.99908321151E-01  2.00945592972E-02
  9.99895818909E-01  2.00945592972E-02
  9.99891200755E-01  2.00945592972E-02
  9.99885914605E-01  2.00945592972E-02
  9.99871201109E-01  2.00945592972E-02
  9.99860809828E-01  2.00945592972E-02
  9.99847870327E-01  2.00945592972E-02
  9.99834799222E-01  2.00945592972E-02
  9.99819724685E-01  2.00945592972E-02
  9.99805492518E-01  2.00945592972E-02
  9.99793369893E-01  2.00945592972E-02
  9.99771441124E-01  2.00945592972E-02
  9.99752417855E-01  2.00945592972E-02
  9.99734463184E-01  2.00945592972E-02
  9.99717896837E-01  2.00945592972E-02
  9.99686188575E-01  2.00945592972E-02
  9.99660695172E-01  2.00945592972E-02
  9.99633297025E-01  2.00945592972E-02
  9.99603866019E-01  2.00945592972E-02
  9.99573779148E-01  2.00945592972E-02
  9.99538358058E-01  2.00945592972E-02
  9.99501989181E-01  2.00945592972E-02
  9.99463003498E-01  2.00945592972E-02
  9.99421236303E-01  2.00945592972E-02
  9.99376515095E-01  2.00945592972E-02
  9.99328659558E-01  2.00945592972E-02
  9.99277481625E-01  2.00945592972E-02
  9.99222785594E-01  2.00945592972E-02
  9.99164368466E-01  2.00945592972E-02
  9.99102020383E-01  2.00945592972E-02
  9.99035524783E-01  2.00945592972E-02
  9.98964658465E-01  2.00945592972E-02
  9.98877848818E-01  2.00945592972E-02
  9.98795591018E-01  2.00945592972E-02
  9.98723500915E-01  2.00945592972E-02
  9.98632782926E-01  2.00945592972E-02
  9.98536480188E-01  2.00945592972E-02
  9.98434337023E-01  2.00945592972E-02
  9.98326098567E-01  2.00945592972E-02
  9.98162317018E-01  2.00945592972E-02
  9.98103984021E-01  2.00945592972E-02
  9.97988745920E-01  2.00945592972E-02
  9.97760267366E-01  2.00945592972E-02
  9.97684890242E-01  2.00945592972E-02
  9.97541460453E-01  2.00945592972E-02
  9.97377322738E-01  2.00945592972E-02
  9.97211715032E-01  2.00945592972E-02
  9.97037952680E-01  2.00945592972E-02
  9.96855842969E-01  2.00945592972E-02
  9.96665203276E-01  2.00945592972E-02
  9.96465861886E-01  2.00945592972E-02
  9.96257658716E-01  2.00945592972E-02
  9.95978531189E-01  2.00945592972E-02
  9.95902006984E-01  2.00945592972E-02
  9.95575327105E-01  2.00945592972E-02
  9.95298072116E-01  2.00945592972E-02
  9.95078839323E-01  2.00945592972E-02
  9.94894733909E-01  2.00945592972E-02
  9.94540385771E-01  2.00945592972E-02
  9.94256168332E-01  2.00945592972E-02
  9.93961695435E-01  2.00945592972E-02
  9.93767959727E-01  2.00945592972E-02
  9.93341117675E-01  2.00945592972E-02
  9.93014587612E-01  2.00945592972E-02
  9.92676915148E-01  2.00945592972E-02
  9.92327864605E-01  2.00945592972E-02
  9.91767551830E-01  2.00945592972E-02
  9.91594619193E-01  2.00945592972E-02
  9.91254354745E-01  2.00945592972E-02
  9.90813008376E-01  2.00945592972E-02
  9.90403427947E-01  2.00945592972E-02
  9.89980993428E-01  2.00945592972E-02
  9.89545450582E-01  2.00945592972E-02
  9.88912271039E-01  2.00945592972E-02
  9.88633993658E-01  2.00945592972E-02
  9.88157617227E-01  2.00945592972E-02
  9.87455469441E-01  2.00945592972E-02
  9.86929579912E-01  2.00945592972E-02
  9.86642888058E-01  2.00945592972E-02
  9.86108716714E-01  2.00945592972E-02
  9.85559551603E-01  2.00945592972E-02
  9.84995192917E-01  2.00945592972E-02
  9.84342329733E-01  2.00945592972E-02
  9.83820138219E-01  2.00945592972E-02
  9.83209092516E-01  2.00945592972E-02
  9.82582147442E-01  2.00945592972E-02
  9.81939150546E-01  2.00945592972E-02
  9.81313529900E-01  2.00945592972E-02
  9.80604436729E-01  2.00945592972E-02
  9.79912461445E-01  2.00945592972E-02
  9.79350691673E-01  2.00945592972E-02
  9.78478676536E-01  2.00945592972E-02
  9.77736670353E-01  2.00945592972E-02
  9.76977787797E-01  2.00945592972E-02
  9.75958667086E-01  2.00945592972E-02
  9.75438039635E-01  2.00945592972E-02
  9.74599015243E-01  2.00945592972E-02
  9.73771834713E-01  2.00945592972E-02
  9.72927426138E-01  2.00945592972E-02
  9.72065747126E-01  2.00945592972E-02
  9.71098509676E-01  2.00945592972E-02
  9.70721258924E-01  2.00945592972E-02
  9.69154424950E-01  2.00945592972E-02
  9.68445700269E-01  2.00945592972E-02
  9.67497396869E-01  2.00945592972E-02
  9.66531779661E-01  2.00945592972E-02
  9.65548874222E-01  2.00945592972E-02
  9.64548714926E-01  2.00945592972E-02
  9.63531344341E-01  2.00945592972E-02
  9.62354715426E-01  2.00945592972E-02
  9.61445173122E-01  2.00945592972E-02
  9.60376501941E-01  2.00945592972E-02
  9.59290870259E-01  2.00945592972E-02
  9.58188365941E-01  2.00945592972E-02
  9.57069085923E-01  2.00945592972E-02
  9.55933133850E-01  2.00945592972E-02
  9.54449187706E-01  2.00945592972E-02
  9.53445058034E-01  2.00945592972E-02
  9.52426363271E-01  2.00945592972E-02
  9.51224888041E-01  2.00945592972E-02
  9.49827340794E-01  2.00945592972E-02
  9.48773892793E-01  2.00945592972E-02
  9.47524663208E-01  2.00945592972E-02
  9.46259808871E-01  2.00945592972E-02
  9.44729215253E-01  2.00945592972E-02
  9.43683841158E-01  2.00945592972E-02
  9.41802993429E-01  2.00945592972E-02
  9.41047256399E-01  2.00945592972E-02
  9.39706694680E-01  2.00945592972E-02
  9.38351505345E-01  2.00945592972E-02
  9.36981869124E-01  2.00945592972E-02
  9.35597969511E-01  2.00945592972E-02
  9.33594026643E-01  2.00945592972E-02
  9.32788083145E-01  2.00945592972E-02
  9.31362518448E-01  2.00945592972E-02
  9.29923445071E-01  2.00945592972E-02
  9.28471055265E-01  2.00945592972E-02
  9.27005542098E-01  2.00945592972E-02
  9.25527098865E-01  2.00945592972E-02
  9.24572482138E-01  2.00945592972E-02
  9.23028982707E-01  2.00945592972E-02
  9.21016091820E-01  2.00945592972E-02
  9.19487858310E-01  2.00945592972E-02
  9.17947658728E-01  2.00945592972E-02
  9.16395685222E-01  2.00945592972E-02
  9.14832129458E-01  2.00945592972E-02
  9.12953658055E-01  2.00945592972E-02
  9.12260689784E-01  2.00945592972E-02
  9.10575684821E-01  2.00945592972E-02
  9.08465854902E-01  2.00945592972E-02
  9.06847241807E-01  2.00945592972E-02
  9.05218182543E-01  2.00945592972E-02
  9.03578863468E-01  2.00945592972E-02
  9.01929469731E-01  2.00945592972E-02
  8.99811029430E-01  2.00945592972E-02
  8.98601178594E-01  2.00945592972E-02
  8.96922658973E-01  2.00945592972E-02
  8.94676747317E-01  2.00945592972E-02
  8.93026865441E-01  2.00945592972E-02
  8.91912641794E-01  2.00945592972E-02
  8.90116856791E-01  2.00945592972E-02
  8.88165954916E-01  2.00945592972E-02
  8.86696438757E-01  2.00945592972E-02
  8.84921121437E-01  2.00945592972E-02
  8.83172714306E-01  2.00945592972E-02
  8.81416337291E-01  2.00945592972E-02
  8.79652154505E-01  2.00945592972E-02
  8.77880328057E-01  2.00945592972E-02
  8.76101018013E-01  2.00945592972E-02
  8.74712621259E-01  2.00945592972E-02
  8.71882881581E-01  2.00945592972E-02
  8.70719712201E-01  2.00945592972E-02
  8.68912027719E-01  2.00945592972E-02
  8.67097628224E-01  2.00945592972E-02
  8.65276660918E-01  2.00945592972E-02
  8.63208837998E-01  2.00945592972E-02
  8.62282878763E-01  2.00945592972E-02
  8.59775762766E-01  2.00945592972E-02
  8.56603476479E-01  2.00945592972E-02
  8.55215945787E-01  2.00945592972E-02
  8.54220805830E-01  2.00945592972E-02
  8.52357795788E-01  2.00945592972E-02
  8.50489309049E-01  2.00945592972E-02
  8.48615470340E-01  2.00945592972E-02
  8.46736402365E-01  2.00945592972E-02
  8.44852225839E-01  2.00945592972E-02
  8.42963059515E-01  2.00945592972E-02
  8.41069020212E-01  2.00945592972E-02
  8.39502235024E-01  2.00945592972E-02
  8.37395824039E-01  2.00945592972E-02
  8.36206387932E-01  2.00945592972E-02
  8.33446376410E-01  2.00945592972E-02
  8.31529659604E-01  2.00945592972E-02
  8.29608731848E-01  2.00945592972E-02
  8.27683697298E-01  2.00945592972E-02
  8.25754658432E-01  2.00945592972E-02
  8.23681050325E-01  2.00945592972E-02
  8.21570132317E-01  2.00945592972E-02
  8.19944513797E-01  2.00945592972E-02
  8.18000449999E-01  2.00945592972E-02
  8.15392718311E-01  2.00945592972E-02
  8.13482164846E-01  2.00945592972E-02
  8.12147519941E-01  2.00945592972E-02
  8.10189944946E-01  2.00945592972E-02
  8.08229217551E-01  2.00945592972E-02
  8.06265425169E-01  2.00945592972E-02
  8.04298653870E-01  2.00945592972E-02
  8.02328988416E-01  2.00945592972E-02
  8.00356512288E-01  2.00945592972E-02
  7.98381307688E-01  2.00945592972E-02
  7.96403455547E-01  2.00945592972E-02
  7.94423035577E-01  2.00945592972E-02
  7.92440126325E-01  2.00945592972E-02
  7.91060156973E-01  2.00945592972E-02
  7.88556210521E-01  2.00945592972E-02
  7.86477222027E-01  2.00945592972E-02
  7.84485118937E-01  2.00945592972E-02
  7.82490902742E-01  2.00945592972E-02
  7.80494645544E-01  2.00945592972E-02
  7.78496418459E-01  2.00945592972E-02
  7.76496291638E-01  2.00945592972E-02
  7.74494334291E-01  2.00945592972E-02
  7.72490614711E-01  2.00945592972E-02
  7.70485200295E-01  2.00945592972E-02
  7.67500471261E-01  2.00945592972E-02
  7.65595079762E-01  2.00945592972E-02
  7.64459425246E-01  2.00945592972E-02
  7.63362993459E-01  2.00945592972E-02
  7.60434958778E-01  2.00945592972E-02
  7.58420744186E-01  2.00945592972E-02
  7.56405283258E-01  2.00945592972E-02
  7.54388636988E-01  2.00945592972E-02
  7.52370865660E-01  2.00945592972E-02
  7.50352028866E-01  2.00945592972E-02
  7.48332185523E-01  2.00945592972E-02
  7.45631051919E-01  2.00945592972E-02
  7.44289699667E-01  2.00945592972E-02
  7.43059387870E-01  2.00945592972E-02
  7.40243874527E-01  2.00945592972E-02
  7.38219860424E-01  2.00945592972E-02
  7.36195180130E-01  2.00945592972E-02
  7.34169888627E-01  2.00945592972E-02
  7.31249397036E-01  2.00945592972E-02
  7.30117671699E-01  2.00945592972E-02
  7.28799669210E-01  2.00945592972E-02
  7.26063673080E-01  2.00945592972E-02
  7.24036143024E-01  2.00945592972E-02
  7.22345063428E-01  2.00945592972E-02
  7.20843391787E-01  2.00945592972E-02
  7.17952017186E-01  2.00945592972E-02
  7.15923645698E-01  2.00945592972E-02
  7.13895191391E-01  2.00945592972E-02
  7.11866704331E-01  2.00945592972E-02
  7.09838234108E-01  2.00945592972E-02
  7.07809829847E-01  2.00945592972E-02
  7.05781540212E-01  2.00945592971E-02
  7.03025532584E-01  2.00945592971E-02
  7.02061348376E-01  2.00945592971E-02
  6.99052436239E-01  2.00945592972E-02
  6.97670449202E-01  2.00945592972E-02
  6.94787626861E-01  2.00945592972E-02
  6.93973069595E-01  2.00945592972E-02
  6.91590656692E-01  2.00945592972E-02
  6.89564984494E-01  2.00945592972E-02
  6.87539845472E-01  2.00945592972E-02
  6.85515284100E-01  2.00945592972E-02
  6.83491344464E-01  2.00945592972E-02
  6.81468070271E-01  2.00945592972E-02
  6.79445504858E-01  2.00945592972E-02
  6.77423691190E-01  2.00945592972E-02
  6.75474318179E-01  2.00945592972E-02
  6.74259504961E-01  2.00945592972E-02
  6.72245314419E-01  2.00945592972E-02
  6.69344781950E-01  2.00945592972E-02
  6.67327359261E-01  2.00945592972E-02
  6.65310938748E-01  2.00945592972E-02
  6.63295561195E-01  2.00945592972E-02
  6.61281267130E-01  2.00945592972E-02
  6.59268096740E-01  2.00945592972E-02
  6.57256089869E-01  2.00945592972E-02
  6.54536006811E-01  2.00945592972E-02
  6.53069219687E-01  2.00945592972E-02
  6.51227433047E-01  2.00945592972E-02
  6.49220472071E-01  2.00945592972E-02
  6.47214868761E-01  2.00945592972E-02
  6.45210660941E-01  2.00945592972E-02
  6.43207886104E-01  2.00945592972E-02
  6.41206581414E-01  2.00945592972E-02
  6.39206783702E-01  2.00945592972E-02
  6.36282122021E-01  2.00945592972E-02
  6.34999918675E-01  2.00945592972E-02
  6.33216776401E-01  2.00945592972E-02
  6.31223368642E-01  2.00945592972E-02
  6.29231647102E-01  2.00945592972E-02
  6.27241646648E-01  2.00945592972E-02
  6.25253401824E-01  2.00945592972E-02
  6.24043933250E-01  2.00945592972E-02
  6.22304816111E-01  2.00945592972E-02
  6.19752656812E-01  2.00945592972E-02
  6.17362049007E-01  2.00945592972E-02
  6.15339682336E-01  2.00945592972E-02
  6.13362678706E-01  2.00945592972E-02
  6.11387663408E-01  2.00945592972E-02
  6.09414668389E-01  2.00945592972E-02
  6.07443725269E-01  2.00945592972E-02
  6.05474865341E-01  2.00945592972E-02
  6.02351052622E-01  2.00945592972E-02
  6.02339718004E-01  2.00945592972E-02
  6.00261524483E-01  2.00945592972E-02
  5.96942129346E-01  2.00945592972E-02
  5.95662784023E-01  2.00945592972E-02
  5.93707063584E-01  2.00945592972E-02
  5.91753635840E-01  2.00945592972E-02
  5.89802528179E-01  2.00945592972E-02
  5.87853767271E-01  2.00945592972E-02
  5.85907379522E-01  2.00945592972E-02
  5.83963391084E-01  2.00945592972E-02
  5.82335454316E-01  2.00945592972E-02
  5.80045073398E-01  2.00945592972E-02
  5.78146075657E-01  2.00945592972E-02
  5.76211941160E-01  2.00945592972E-02
  5.74280333136E-01  2.00945592972E-02
  5.72351276344E-01  2.00945592972E-02
  5.70424795332E-01  2.00945592972E-02
  5.68292766397E-01  2.00945592972E-02
  5.65771932587E-01  2.00945592972E-02
  5.64284525865E-01  2.00945592972E-02
  5.62745100475E-01  2.00945592972E-02
  5.60831859834E-01  2.00945592972E-02
  5.58921338191E-01  2.00945592972E-02
  5.57013558796E-01  2.00945592972E-02
  5.55108544731E-01  2.00945592972E-02
  5.53940732051E-01  2.00945592972E-02
  5.52556898847E-01  2.00945592972E-02
  5.49410272614E-01  2.00945592972E-02
  5.47516548326E-01  2.00945592972E-02
  5.45625702552E-01  2.00945592972E-02
  5.43309451062E-01  2.00945592972E-02
  5.41803730510E-01  2.00945592972E-02
  5.40057982754E-01  2.00945592972E-02
  5.38091540563E-01  2.00945592972E-02
  5.36215418425E-01  2.00945592972E-02
  5.34342306390E-01  2.00945592972E-02
  5.32472226010E-01  2.00945592972E-02
  5.30605198744E-01  2.00945592972E-02
  5.27143910021E-01  2.00945592972E-02
  5.26441121927E-01  2.00945592972E-02
  5.26029242464E-01  2.00945592972E-02
  5.23132708689E-01  2.00945592972E-02
  5.21316454805E-01  2.00945592972E-02
  5.19468194151E-01  2.00945592972E-02
  5.17623134485E-01  2.00945592972E-02
  5.15416514608E-01  2.00945592972E-02
  5.14300038061E-01  2.00945592972E-02
  5.12107351365E-01  2.00945592972E-02
  5.10275302161E-01  2.00945592972E-02
  5.07848240253E-01  2.00945592972E-02
  5.06621118976E-01  2.00945592972E-02
  5.05114901478E-01  2.00945592972E-02
  5.03935077117E-01  2.00945592972E-02
  5.00993869657E-01  2.00945592972E-02
  4.99147137072E-01  2.00945592972E-02
  4.98537505779E-01  2.00945592972E-02
  4.95699880818E-01  2.00945592972E-02
  4.94661711068E-01  2.00945592972E-02
  4.91821712461E-01  2.00945592973E-02
  4.89293627607E-01  2.00945592972E-02
  4.88473597498E-01  2.00945592972E-02
  4.87362878132E-01  2.00945592972E-02
  4.85858146435E-01  2.00945592972E-02
  4.83202208802E-01  2.00945592972E-02
  4.81425468966E-01  2.00945592972E-02
  4.79573282116E-01  2.00945592972E-02
  4.78756045531E-01  2.00945592972E-02
  4.76252859371E-01  2.00945592972E-02
  4.74354974787E-01  2.00945592972E-02
  4.71994259821E-01  2.00945592972E-02
  4.71320443918E-01  2.00945592972E-02
  4.69817218621E-01  2.00945592972E-02
  4.66675857316E-01  2.00945592972E-02
  4.65700570130E-01  2.00945592973E-02
  4.63860958776E-01  2.00945592972E-02
  4.61665409982E-01  2.00945592972E-02
  4.60524342382E-01  2.00945592972E-02
  4.59404204060E-01  2.00945592972E-02
  4.57861689927E-01  2.00945592972E-02
  4.56029685164E-01  2.00945592972E-02
  4.52683257516E-01  2.00945592972E-02
  4.52154637220E-01  2.00945592972E-02
  4.50686058265E-01  2.00945592972E-02
  4.48078408763E-01  2.00945592971E-02
  4.46680337002E-01  2.00945592972E-02
  4.44258588541E-01  2.00945592971E-02
  4.42933879698E-01  2.00945592972E-02
  4.42409138312E-01  2.00945592972E-02
  4.39416427838E-01  2.00945592972E-02
  4.38226626362E-01  2.00945592971E-02
  4.36078600678E-01  2.00945592971E-02
  4.35179408801E-01  2.00945592972E-02
  4.33357497649E-01  2.00945592971E-02
  4.30875106274E-01  2.00945592972E-02
  4.27798449182E-01  2.00945592972E-02
  4.26867247521E-01  2.00945592972E-02
  4.25448640225E-01  2.00945592972E-02
  4.24916085094E-01  2.00945592972E-02
  4.23617354919E-01  2.00945592972E-02
  4.22080651790E-01  2.00945592972E-02
  4.20664647325E-01  2.00945592972E-02
  4.18584611084E-01  2.00945592973E-02
  4.16834865358E-01  2.00945592972E-02
  4.15410446093E-01  2.00945592973E-02
  4.14206825929E-01  2.00945592972E-02
  4.11267362677E-01  2.00945592971E-02
  4.10565810357E-01  2.00945592972E-02
  4.09652893373E-01  2.00945592971E-02
  4.06953995490E-01  2.00945592972E-02
  4.05844194055E-01  2.00945592972E-02
  4.04842871459E-01  2.00945592972E-02
  4.03956590144E-01  2.00945592972E-02
  4.01291364110E-01  2.00945592971E-02
  3.99243263065E-01  2.00945592971E-02
  3.97676049976E-01  2.00945592972E-02
  3.96113696102E-01  2.00945592972E-02
  3.94556231550E-01  2.00945592973E-02
  3.93003686685E-01  2.00945592973E-02
  3.91456092204E-01  2.00945592972E-02
  3.89913479222E-01  2.00945592972E-02
  3.88375879194E-01  2.00945592972E-02
  3.86843323834E-01  2.00945592973E-02
  3.85315845116E-01  2.00945592972E-02
  3.83793475278E-01  2.00945592972E-02
  3.82276246815E-01  2.00945592972E-02
  3.80764192486E-01  2.00945592971E-02
  3.79257345307E-01  2.00945592972E-02
  3.77755738556E-01  2.00945592972E-02
  3.76259405767E-01  2.00945592972E-02
  3.74768380733E-01  2.00945592972E-02
  3.73282697499E-01  2.00945592973E-02
  3.71802390367E-01  2.00945592972E-02
  3.70327493889E-01  2.00945592973E-02
  3.68858042863E-01  2.00945592972E-02
  3.67394072336E-01  2.00945592972E-02
  3.65935617595E-01  2.00945592973E-02
  3.64482714166E-01  2.00945592973E-02
  3.63035397812E-01  2.00945592973E-02
  3.61593704522E-01  2.00945592973E-02
  3.60157670513E-01  2.00945592973E-02
  3.58727332221E-01  2.00945592973E-02
  3.57302726296E-01  2.00945592972E-02
  3.55883889597E-01  2.00945592973E-02
  3.54470859181E-01  2.00945592974E-02
  3.53063672303E-01  2.00945592974E-02
  3.51662366399E-01  2.00945592973E-02
  3.50266979088E-01  2.00945592973E-02
  3.48877548054E-01  2.00945592973E-02
  3.47494110944E-01  2.00945592974E-02
  3.46116705456E-01  2.00945592974E-02
  3.44745369436E-01  2.00945592974E-02
  3.43380140870E-01  2.00945592974E-02
  3.42021057879E-01  2.00945592974E-02
  3.40668158713E-01  2.00945592975E-02
  3.39321481741E-01  2.00945592976E-02
  3.37981065447E-01  2.00945592976E-02
  3.36646948420E-01  2.00945592976E-02
  3.35319169348E-01  2.00945592976E-02
  3.33997767008E-01  2.00945592976E-02
  3.32682780263E-01  2.00945592977E-02
  3.31374248046E-01  2.00945592978E-02
  3.30072209361E-01  2.00945592979E-02
  3.28776703265E-01  2.00945592980E-02
  3.27487768870E-01  2.00945592981E-02
  3.26205445324E-01  2.00945592982E-02
  3.24929771808E-01  2.00945592985E-02
  3.23660787528E-01  2.00945592986E-02
  3.22398531704E-01  2.00945592990E-02
  3.21143043560E-01  2.00945592994E-02
  3.19894362318E-01  2.00945592998E-02
  3.18652527187E-01  2.00945593004E-02
  3.17417577359E-01  2.00945593011E-02
  3.16189552045E-01  2.00945593020E-02
  3.14968490530E-01  2.00945593031E-02
  3.13754432103E-01  2.00945593045E-02
  3.12547415994E-01  2.00945593064E-02
  3.11347481357E-01  2.00945593089E-02
  3.10154667262E-01  2.00945593119E-02
  3.08969012681E-01  2.00945593158E-02
  3.07790556475E-01  2.00945593208E-02
  3.06619337383E-01  2.00945593273E-02
  3.05455394009E-01  2.00945593357E-02
  3.04298764807E-01  2.00945593466E-02
  3.03149488071E-01  2.00945593608E-02
  3.02007601920E-01  2.00945593791E-02
  3.00873144291E-01  2.00945594030E-02
  2.99746152915E-01  2.00945594342E-02
  2.98626665317E-01  2.00945594746E-02
  2.97514718796E-01  2.00945595277E-02
  2.96410350412E-01  2.00945595972E-02
  2.95313596980E-01  2.00945596880E-02
  2.94224495049E-01  2.00945598073E-02
  2.93143080899E-01  2.00945599637E-02
  2.92069390828E-01  2.00945601695E-02
  2.91003461450E-01  2.00945604407E-02
  2.89945329366E-01  2.00945607985E-02
  2.88895030804E-01  2.00945612708E-02
  2.87852601572E-01  2.00945618949E-02
  2.86818077018E-01  2.00945627207E-02
  2.85791491972E-01  2.00945638142E-02
  2.84772880696E-01  2.00945652638E-02
  2.83762276821E-01  2.00945671875E-02
  2.82759713290E-01  2.00945697426E-02
  2.81765222293E-01  2.00945731399E-02
  2.80778835190E-01  2.00945776615E-02
  2.79800582448E-01  2.00945836852E-02
  2.78830493552E-01  2.00945917178E-02
  2.77868596936E-01  2.00946024405E-02
  2.76914919884E-01  2.00946167705E-02
  2.75969488453E-01  2.00946359438E-02
  2.75032327367E-01  2.00946616335E-02
  2.74103459971E-01  2.00946961126E-02
  2.73182908167E-01  2.00947424781E-02
  2.72270692260E-01  2.00948049709E-02
  2.71366830798E-01  2.00948894416E-02
  2.70471340452E-01  2.00950040181E-02
  2.69584235893E-01  2.00951600678E-02
  2.68705529664E-01  2.00953735756E-02
  2.67835232052E-01  2.00956670654E-02
  2.66973350953E-01  2.00960721911E-02
  2.66119891740E-01  2.00966330955E-02
  2.65274857123E-01  2.00974106762E-02
  2.64438247013E-01  2.00984881348E-02
  2.63610058378E-01  2.00999787118E-02
  2.62790285107E-01  2.01020371392E-02
  2.61978917864E-01  2.01048765408E-02
  2.61175943949E-01  2.01087910440E-02
  2.60381346463E-01  2.01141868231E-02
  2.59595103495E-01  2.01216093966E-02
  2.58817188777E-01  2.01317686593E-02
  2.58047572388E-01  2.01455363641E-02
  2.57286220727E-01  2.01638755725E-02
  2.56533096500E-01  2.01876670763E-02
  2.55788158723E-01  2.02174031398E-02
  2.55051362745E-01  2.02527904399E-02
  2.54322660314E-01  2.02923996020E-02
  2.53601999674E-01  2.03335904521E-02
  2.52889325708E-01  2.03729103479E-02
  2.52184580107E-01  2.04069578265E-02
  2.51487701517E-01  2.04333956571E-02
  2.50798625657E-01  2.04516015013E-02
  2.50117285365E-01  2.04625944281E-02
  2.49443610530E-01  2.04683283454E-02
  2.48777527988E-01  2.04708174197E-02
  2.48118961535E-01  2.04715499336E-02
  2.47467831941E-01  2.04713317445E-02
  2.46824056863E-01  2.04704110044E-02
  2.46187550718E-01  2.04686801638E-02
  2.45558224458E-01  2.04658454493E-02
  2.44935985220E-01  2.04615312199E-02
  2.44320735763E-01  2.04553001341E-02
  2.43712373636E-01  2.04465851037E-02
  2.43110789929E-01  2.04345752008E-02
  2.42515867429E-01  2.04181169147E-02
  2.41927477904E-01  2.03956601796E-02
  2.41345478074E-01  2.03652518403E-02
  2.40769703806E-01  2.03246114208E-02
  2.40199961306E-01  2.02713787203E-02
  2.39636013416E-01  2.02036078757E-02
  2.39077559503E-01  2.01205716883E-02
  2.38524206838E-01  2.00237958892E-02
  2.37975431358E-01  1.99178971240E-02
  2.37430528026E-01  1.98105498240E-02
  2.36888555379E-01  1.97110395378E-02
  2.36348285022E-01  1.96276523524E-02
  2.35808173221E-01  1.95651601935E-02
  2.35266375210E-01  1.95238031803E-02
  2.34720820182E-01  1.95001387748E-02
  2.34169353619E-01  1.94889531144E-02
  2.33609929469E-01  1.94851434288E-02
  2.33040801490E-01  1.94849041058E-02
  2.32460645348E-01  1.94859913422E-02
  2.31868570259E-01  1.94871997292E-02
  2.31264038326E-01  1.94877016568E-02
  2.30646749133E-01  1.94870628203E-02
  2.30016540219E-01  1.94856533731E-02
  2.29373322987E-01  1.94843396090E-02
  2.28717049435E-01  1.94836710909E-02
  2.28047697514E-01  1.94836347817E-02
  2.27365265183E-01  1.94839468939E-02
  2.26669767968E-01  1.94843404982E-02
  2.25961237789E-01  1.94846750051E-02
  2.25239722218E-01  1.94849239693E-02
  2.24505283814E-01  1.94851217343E-02
  2.23757999479E-01  1.94852995398E-02
  2.22997959773E-01  1.94854404889E-02
  2.22225268220E-01  1.94854949620E-02
  2.21440040576E-01  1.94854355537E-02
  2.20642404093E-01  1.94852724092E-02
  2.19832496772E-01  1.94850322193E-02
  2.19010466610E-01  1.94847406052E-02
  2.18176470849E-01  1.94844159394E-02
  2.17330675339E-01  1.94840676898E-02
  2.16473253908E-01  1.94836982643E-02
  2.15604387531E-01  1.94833081276E-02
  2.14724263527E-01  1.94829004692E-02
  2.13833074881E-01  1.94824825664E-02
  2.12931019589E-01  1.94820647065E-02
  2.12018300028E-01  1.94816584795E-02
  2.11095122361E-01  1.94812743648E-02
  2.10161695962E-01  1.94809181370E-02
  2.09218232874E-01  1.94805878395E-02
  2.08264947301E-01  1.94802742780E-02
  2.07302055122E-01  1.94799656991E-02
  2.06329773448E-01  1.94796537167E-02
  2.05348320191E-01  1.94793364308E-02
  2.04357913710E-01  1.94790171191E-02
  2.03358772464E-01  1.94787005596E-02
  2.02351114655E-01  1.94783905899E-02
  2.01335157886E-01  1.94780905187E-02
  2.00311118879E-01  1.94778045326E-02
  1.99279213219E-01  1.94775370610E-02
  1.98239655119E-01  1.94772896068E-02
  1.97192657207E-01  1.94770580706E-02
  1.96138430336E-01  1.94768340493E-02
  1.95077183416E-01  1.94766102210E-02
  1.94009123261E-01  1.94763860292E-02
  1.92934454455E-01  1.94761692278E-02
  1.91853379237E-01  1.94759719557E-02
  1.90766097396E-01  1.94758040558E-02
  1.89672806189E-01  1.94756681208E-02
  1.88573700261E-01  1.94755592052E-02
  1.87468971588E-01  1.94754688157E-02
  1.86358809428E-01  1.94753901272E-02
  1.85243400274E-01  1.94753210241E-02
  1.84122927833E-01  1.94752633957E-02
  1.82997572999E-01  1.94752196784E-02
  1.81867513840E-01  1.94751892253E-02
  1.80732925596E-01  1.94751668797E-02
  1.79593980674E-01  1.94751445378E-02
  1.78450848658E-01  1.94751147036E-02
  1.77303696322E-01  1.94750741404E-02
  1.76152687644E-01  1.94750260242E-02
  1.74997983830E-01  1.94749800211E-02
  1.73839743325E-01  1.94749506741E-02
  1.72678121832E-01  1.94749549099E-02
  1.71513272360E-01  1.94750093803E-02
  1.70345345266E-01  1.94751280474E-02
  1.69174488294E-01  1.94753202065E-02
  1.68000846614E-01  1.94755891073E-02
  1.66824562863E-01  1.94759314088E-02
  1.65645777185E-01  1.94763377091E-02
  1.64464627280E-01  1.94767942240E-02
  1.63281248441E-01  1.94772853529E-02
  1.62095773606E-01  1.94777965201E-02
  1.60908333398E-01  1.94783165253E-02
  1.59719056178E-01  1.94788387825E-02
  1.58528068085E-01  1.94793612159E-02
  1.57335493089E-01  1.94798850334E-02
  1.56141453034E-01  1.94804129092E-02
  1.54946067685E-01  1.94809471960E-02
  1.53749454780E-01  1.94814886578E-02
  1.52551730069E-01  1.94820359551E-02
  1.51353007366E-01  1.94825858416E-02
  1.50153398596E-01  1.94831338222E-02
  1.48953013836E-01  1.94836749572E-02
  1.47751961362E-01  1.94842045517E-02
  1.46550347698E-01  1.94847186167E-02
  1.45348277653E-01  1.94852141263E-02
  1.44145854373E-01  1.94856891752E-02
  1.42943179378E-01  1.94861431337E-02
  1.41740352606E-01  1.94865768365E-02
  1.40537472457E-01  1.94869927701E-02
  1.39334635832E-01  1.94873951902E-02
  1.38131938186E-01  1.94877900951E-02
  1.36929473575E-01  1.94881850097E-02
  1.35727334681E-01  1.94885886175E-02
  1.34525612836E-01  1.94890103184E-02
  1.33324398067E-01  1.94894597579E-02
  1.32123779134E-01  1.94899463852E-02
  1.30923843570E-01  1.94904790895E-02
  1.29724677718E-01  1.94910659168E-02
  1.28526366762E-01  1.94917138648E-02
  1.27328994768E-01  1.94924301610E-02
  1.26132644715E-01  1.94932487922E-02
  1.24937398530E-01  1.94944731228E-02
  1.23743337120E-01  1.94984903859E-02
  1.22550540402E-01  1.95201871989E-02
  1.21294422424E-01  1.96326909388E-02
  1.20169055673E-01  2.00472848779E-02
  1.18980522132E-01  2.14026255326E-02
  1.17793560896E-01  2.46800682730E-02
  1.16608242578E-01  3.10065342250E-02
  1.15837687617E-01  3.79332616974E-02
  1.14356615023E-01  5.57090472182E-02
  1.13213138502E-01  7.12647606410E-02
  1.11965799824E-01  8.96493087985E-02
  1.10001702339E-01  1.19554069505E-01
  1.09676772511E-01  1.24478212310E-01
  1.08361780712E-01  1.43788063089E-01
  1.07416020445E-01  1.56442412736E-01
  1.06187422425E-01  1.70086936131E-01
  1.05263143040E-01  1.77469157519E-01
  1.04306703856E-01  1.82135762850E-01
  1.02327552384E-01  1.89186676583E-01
  1.01551897695E-01  1.92370654744E-01
  1.00866732807E-01  1.95889600697E-01
  9.98078790459E-02  2.01505114306E-01
  9.86402659192E-02  2.06611003743E-01
  9.78230106470E-02  2.08776660959E-01
  9.69552926692E-02  2.09643155089E-01
  9.51395625184E-02  2.10135348779E-01
  9.46493577953E-02  2.10176406196E-01
  9.33491790175E-02  2.10184090631E-01
  9.15836748306E-02  2.10185110624E-01
  9.02198741656E-02  2.10185458668E-01
  8.86336507493E-02  2.10185951099E-01
  8.59271440183E-02  2.10193580873E-01
  8.51485410836E-02  2.10234558935E-01
  8.46746792546E-02  2.10383287816E-01
  8.42377955747E-02  2.10777460298E-01
  8.27021589752E-02  2.12959873652E-01
  8.23954232193E-02  3.66881540221E-01
  8.14238503099E-02  3.66881540221E-01
  7.96038551348E-02  3.66881540221E-01
  7.89246767221E-02  3.66881540221E-01
  7.85473138430E-02  3.66881540221E-01
  7.63548853699E-02  3.66881540221E-01
  7.56079752248E-02  3.66881540221E-01
  7.39037612089E-02  3.66881540221E-01
  7.25497752437E-02  3.66881540221E-01
  7.19627377769E-02  3.66881540221E-01
  7.09690671420E-02  3.66881540221E-01
  6.95837990663E-02  3.66881540221E-01
  6.88140440116E-02  3.66881540221E-01
  6.80619193121E-02  3.66881540221E-01
  6.74179069601E-02  3.66881540221E-01
  6.68742501416E-02  3.66881540221E-01
  6.64553031602E-02  3.66881540221E-01
  6.37581843235E-02  3.66881540221E-01
  6.27360422035E-02  3.66881540221E-01
  6.00395647198E-02  3.66881540221E-01
  5.96302619655E-02  3.66881540221E-01
  5.89439273098E-02  3.66881540221E-01
  5.84738821149E-02  3.66881540221E-01
  5.79142021174E-02  3.66881540221E-01
  5.70109219791E-02  3.66881540221E-01
  5.57843948843E-02  3.66881540221E-01
  5.40188990241E-02  3.66881540221E-01
  5.32171377222E-02  3.66881540221E-01
  5.26084409474E-02  3.66881540221E-01
  5.23129851218E-02  3.66881540221E-01
  5.15188001845E-02  3.66881540221E-01
  4.85429338717E-02  3.66881540221E-01
  4.80185831925E-02  3.66881540221E-01
  4.74007514712E-02  3.66881540221E-01
  4.70526801287E-02  3.66881540221E-01
  4.62370781495E-02  3.66881540221E-01
  4.49102311001E-02  3.66881540221E-01
  4.44181133051E-02  3.66881540221E-01
  4.34224915512E-02  3.66881540221E-01
  4.21055972286E-02  3.66881540221E-01
  4.08508528154E-02  3.66881540221E-01
  4.02530278218E-02  3.66881540221E-01
  3.97715177635E-02  3.66881540221E-01
  3.89312165957E-02  3.66881540221E-01
  3.77207741832E-02  3.66881540221E-01
  3.63801480916E-02  3.66881540221E-01
  3.56883713083E-02  3.66881540221E-01
  3.47316409208E-02  3.66881540221E-01
  3.40197621115E-02  3.66881540221E-01
  3.32738137494E-02  3.66881540221E-01
  3.23009353726E-02  3.66881540221E-01
  3.14493814297E-02  3.66881540221E-01
  3.09699949242E-02  3.66881540221E-01
  3.02430039612E-02  3.66881540221E-01
  2.90915750639E-02  3.66881540221E-01
  2.80722403501E-02  3.66881540221E-01
  2.74494576012E-02  3.66881540221E-01
  2.65162072094E-02  3.66881540221E-01
  2.56391922520E-02  3.66881540221E-01
  2.49008589843E-02  3.66881540221E-01
  2.37673226265E-02  3.66881540221E-01
  2.33599192736E-02  3.66881540221E-01
  2.26926627813E-02  3.66881540221E-01
  2.18054049402E-02  3.66881540221E-01
  2.09877811479E-02  3.66881540221E-01
  2.04356195763E-02  3.66881540221E-01
  1.94808483569E-02  3.66881540221E-01
  1.87070627233E-02  3.66881540221E-01
  1.83063337834E-02  3.66881540221E-01
  1.73608796692E-02  3.66881540221E-01
  1.67010700873E-02  3.66881540221E-01
  1.60714556848E-02  3.66881540221E-01
  1.53459734585E-02  3.66881540221E-01
  1.47365551992E-02  3.66881540221E-01
  1.39081218526E-02  3.66881540221E-01
  1.32012567414E-02  3.66881540221E-01
  1.26668611477E-02  3.66881540221E-01
  1.19619632476E-02  3.66881540221E-01
  1.13895686481E-02  3.66881540221E-01
  1.08531155567E-02  3.66881540221E-01
  1.02733256954E-02  3.66881540221E-01
  9.66467380968E-03  3.66881540221E-01
  9.04770735789E-03  3.66881540221E-01
  8.52191880375E-03  3.66881540221E-01
  8.04934989472E-03  3.66881540221E-01
  7.50665620031E-03  3.66881540221E-01
  6.95465874176E-03  3.66881540221E-01
  6.32507775324E-03  3.66881540221E-01
  5.88000179727E-03  3.66881540221E-01
  5.45524314375E-03  3.66881540221E-01
  4.91649681748E-03  3.66881540221E-01
  4.45640334354E-03  3.66881540221E-01
  4.01024671673E-03  3.66881540221E-01
  3.58213920833E-03  3.66881540221E-01
  3.22811066501E-03  3.66881540221E-01
  2.77013676016E-03  3.66881540221E-01
  2.38739591292E-03  3.66881540221E-01
  2.02455461448E-03  3.66881540221E-01
  1.79074078641E-03  3.66881540221E-01
  1.35155079845E-03  3.66881540221E-01
  1.06347986337E-03  3.66881540221E-01
  7.94432294417E-04  3.66881540221E-01
  5.90385036596E-04  3.66881540221E-01
  3.62034110176E-04  3.66881540221E-01
  1.92299515653E-04  3.66881540221E-01
  1.43904758090E-05  3.66881540221E-01
  0.00000000000E+00  3.66881540221E-01
